9.989000000000000057e+01 -4.997528891211996255e-02 9.999599875319284958e-01 1.000000000000000000e+00 4.001246807150415918e-05
9.989100000000000534e+01 -4.952074345757234014e-02 9.997578138873002285e-01 1.000000000000000000e+00 2.421861126997715274e-04
9.989200000000001012e+01 -4.906619800302471079e-02 9.998391946944219510e-01 1.000000000000000000e+00 1.608053055780489515e-04
9.989300000000001489e+01 -4.861165254847708839e-02 9.997875656535363253e-01 1.000000000000000000e+00 2.124343464636746504e-04
9.989400000000001967e+01 -4.815710709392946598e-02 1.000213712833307955e+00 1.000000000000000000e+00 -2.137128333079552078e-04
9.989500000000002444e+01 -4.770256163938183663e-02 1.000632980535385741e+00 1.000000000000000000e+00 -6.329805353857409500e-04
9.989600000000002922e+01 -4.724801618483421423e-02 1.000048062010870931e+00 1.000000000000000000e+00 -4.806201087093064928e-05
9.989700000000003399e+01 -4.679347073028659182e-02 9.991832291081442774e-01 1.000000000000000000e+00 8.167708918557226028e-04
9.989800000000003877e+01 -4.633892527573896247e-02 1.000048600598150150e+00 1.000000000000000000e+00 -4.860059815015027596e-05
9.989900000000004354e+01 -4.588437982119134007e-02 9.997837408367130640e-01 1.000000000000000000e+00 2.162591632869359515e-04
9.990000000000004832e+01 -4.542983436664371072e-02 9.993416101568028953e-01 1.000000000000000000e+00 6.583898431971046961e-04
9.990100000000005309e+01 -4.497528891209608831e-02 9.998828550083784794e-01 1.000000000000000000e+00 1.171449916215205889e-04
9.990200000000005787e+01 -4.452074345754846590e-02 1.000865992903238189e+00 1.000000000000000000e+00 -8.659929032381885605e-04
9.990300000000006264e+01 -4.406619800300083656e-02 9.990024055315083196e-01 1.000000000000000000e+00 9.975944684916804306e-04
9.990400000000006742e+01 -4.361165254845321415e-02 9.992820646179203514e-01 1.000000000000000000e+00 7.179353820796485763e-04
9.990500000000007219e+01 -4.315710709390559174e-02 1.000892242170491997e+00 1.000000000000000000e+00 -8.922421704919969443e-04
9.990600000000007697e+01 -4.270256163935796240e-02 1.000600066925570131e+00 1.000000000000000000e+00 -6.000669255701307492e-04
9.990700000000008174e+01 -4.224801618481033999e-02 9.996651848734368073e-01 1.000000000000000000e+00 3.348151265631926776e-04
9.990800000000008652e+01 -4.179347073026271758e-02 9.993799735396471373e-01 1.000000000000000000e+00 6.200264603528626850e-04
9.990900000000009129e+01 -4.133892527571508824e-02 1.000210662461812783e+00 1.000000000000000000e+00 -2.106624618127828086e-04
9.991000000000009607e+01 -4.088437982116746583e-02 9.996058763635706779e-01 1.000000000000000000e+00 3.941236364293221328e-04
9.991100000000010084e+01 -4.042983436661984342e-02 1.000512002928129140e+00 1.000000000000000000e+00 -5.120029281291404999e-04
9.991200000000010562e+01 -3.997528891207221408e-02 9.997764448024063499e-01 1.000000000000000000e+00 2.235551975936500568e-04
9.991300000000011039e+01 -3.952074345752459167e-02 1.000601212709752996e+00 1.000000000000000000e+00 -6.012127097529962327e-04
9.991400000000011516e+01 -3.906619800297696232e-02 1.000153707442068773e+00 1.000000000000000000e+00 -1.537074420687734033e-04
9.991500000000011994e+01 -3.861165254842933992e-02 9.998244949886840871e-01 1.000000000000000000e+00 1.755050113159128955e-04
9.991600000000012471e+01 -3.815710709388171751e-02 1.000079279960742751e+00 1.000000000000000000e+00 -7.927996074275078797e-05
9.991700000000012949e+01 -3.770256163933408816e-02 9.996164127173792213e-01 1.000000000000000000e+00 3.835872826207786801e-04
9.991800000000013426e+01 -3.724801618478646575e-02 9.997334617557908087e-01 1.000000000000000000e+00 2.665382442091912552e-04
9.991900000000013904e+01 -3.679347073023884335e-02 1.000004672051203913e+00 1.000000000000000000e+00 -4.672051203913341055e-06
9.992000000000014381e+01 -3.633892527569121400e-02 1.000213044361486281e+00 1.000000000000000000e+00 -2.130443614862809198e-04
9.992100000000014859e+01 -3.588437982114359159e-02 9.992865150671916830e-01 1.000000000000000000e+00 7.134849328083170406e-04
9.992200000000015336e+01 -3.542983436659596919e-02 9.995723442894216548e-01 1.000000000000000000e+00 4.276557105783451718e-04
9.992300000000015814e+01 -3.497528891204833984e-02 1.000000905699484743e+00 1.000000000000000000e+00 -9.056994847433941231e-07
9.992400000000016291e+01 -3.452074345750071743e-02 1.000187548345296662e+00 1.000000000000000000e+00 -1.875483452966619780e-04
9.992500000000016769e+01 -3.406619800295309503e-02 9.993299817090982584e-01 1.000000000000000000e+00 6.700182909017415867e-04
9.992600000000017246e+01 -3.361165254840546568e-02 9.998696190803308959e-01 1.000000000000000000e+00 1.303809196691041450e-04
9.992700000000017724e+01 -3.315710709385784327e-02 1.000493562427724914e+00 1.000000000000000000e+00 -4.935624277249139880e-04
9.992800000000018201e+01 -3.270256163931021393e-02 9.997400580312288954e-01 1.000000000000000000e+00 2.599419687711046478e-04
9.992900000000018679e+01 -3.224801618476259152e-02 9.995323492456783532e-01 1.000000000000000000e+00 4.676507543216468221e-04
9.993000000000019156e+01 -3.179347073021496911e-02 1.000458683782970093e+00 1.000000000000000000e+00 -4.586837829700929348e-04
9.993100000000019634e+01 -3.133892527566733976e-02 9.992588315948097710e-01 1.000000000000000000e+00 7.411684051902289738e-04
9.993200000000020111e+01 -3.088437982111971736e-02 1.000635262596008657e+00 1.000000000000000000e+00 -6.352625960086566437e-04
9.993300000000020589e+01 -3.042983436657209148e-02 1.000524370533821150e+00 1.000000000000000000e+00 -5.243705338211501754e-04
9.993400000000021066e+01 -2.997528891202446907e-02 9.995584973914543037e-01 1.000000000000000000e+00 4.415026085456963401e-04
9.993500000000021544e+01 -2.952074345747684320e-02 9.999661328716391573e-01 1.000000000000000000e+00 3.386712836084271316e-05
9.993600000000022021e+01 -2.906619800292921732e-02 1.001023579054010737e+00 1.000000000000000000e+00 -1.023579054010737011e-03
9.993700000000022499e+01 -2.861165254838159144e-02 9.993845646908451341e-01 1.000000000000000000e+00 6.154353091548658838e-04
9.993800000000022976e+01 -2.815710709383396904e-02 9.995178730630966957e-01 1.000000000000000000e+00 4.821269369033043262e-04
9.993900000000023454e+01 -2.770256163928634316e-02 9.995142238604025620e-01 1.000000000000000000e+00 4.857761395974380392e-04
9.994000000000023931e+01 -2.724801618473871728e-02 1.000001698147498841e+00 1.000000000000000000e+00 -1.698147498840896219e-06
9.994100000000024409e+01 -2.679347073019109488e-02 1.000110395100082927e+00 1.000000000000000000e+00 -1.103951000829272999e-04
9.994200000000024886e+01 -2.633892527564346900e-02 9.994394325416772196e-01 1.000000000000000000e+00 5.605674583227804320e-04
9.994300000000025364e+01 -2.588437982109584312e-02 1.000291257421726865e+00 1.000000000000000000e+00 -2.912574217268648624e-04
9.994400000000025841e+01 -2.542983436654821724e-02 1.000276749944597698e+00 1.000000000000000000e+00 -2.767499445976984163e-04
9.994500000000026319e+01 -2.497528891200059484e-02 9.998112016923045298e-01 1.000000000000000000e+00 1.887983076954702355e-04
9.994600000000026796e+01 -2.452074345745296896e-02 1.000559866698950806e+00 1.000000000000000000e+00 -5.598666989508060965e-04
9.994700000000027273e+01 -2.406619800290534308e-02 1.000091233581424488e+00 1.000000000000000000e+00 -9.123358142448800834e-05
9.994800000000027751e+01 -2.361165254835772068e-02 9.990035350337118647e-01 1.000000000000000000e+00 9.964649662881353009e-04
9.994900000000028228e+01 -2.315710709381009480e-02 1.000182739765232309e+00 1.000000000000000000e+00 -1.827397652323092814e-04
9.995000000000028706e+01 -2.270256163926246892e-02 1.000577405921541763e+00 1.000000000000000000e+00 -5.774059215417626234e-04
9.995100000000029183e+01 -2.224801618471484305e-02 1.000137239713855486e+00 1.000000000000000000e+00 -1.372397138554859453e-04
9.995200000000029661e+01 -2.179347073016722064e-02 9.995575954015485376e-01 1.000000000000000000e+00 4.424045984514624053e-04
9.995300000000030138e+01 -2.133892527561959476e-02 1.000338514632953979e+00 1.000000000000000000e+00 -3.385146329539789889e-04
9.995400000000030616e+01 -2.088437982107196889e-02 1.000205254718081749e+00 1.000000000000000000e+00 -2.052547180817487771e-04
9.995500000000031093e+01 -2.042983436652434648e-02 9.987481581601184155e-01 1.000000000000000000e+00 1.251841839881584484e-03
9.995600000000031571e+01 -1.997528891197672060e-02 9.993332535917582859e-01 1.000000000000000000e+00 6.667464082417140503e-04
9.995700000000032048e+01 -1.952074345742909472e-02 9.999236376929158121e-01 1.000000000000000000e+00 7.636230708418789703e-05
9.995800000000032526e+01 -1.906619800288146885e-02 9.995944043850339966e-01 9.999743875193302101e-01 3.799831342962134428e-04
9.995900000000033003e+01 -1.861165254833384644e-02 9.987477116244202202e-01 9.992661258237516275e-01 5.184141993314073105e-04
9.996000000000033481e+01 -1.815710709378622056e-02 9.983284484945919024e-01 9.980518152631777662e-01 -2.766332314141362048e-04
9.996100000000033958e+01 -1.770256163923859469e-02 9.960271776073772454e-01 9.965052404951382226e-01 4.780628877609771621e-04
9.996200000000034436e+01 -1.724801618469097228e-02 9.941839822468226950e-01 9.947167759423863886e-01 5.327936955636936034e-04
9.996300000000034913e+01 -1.679347073014334640e-02 9.923161060107033027e-01 9.927530686935707172e-01 4.369626828674144647e-04
9.996400000000035391e+01 -1.633892527559572053e-02 9.915278922310483134e-01 9.906711221063246864e-01 -8.567701247236270135e-04
9.996500000000035868e+01 -1.588437982104809465e-02 9.883639012983617134e-01 9.885240497356182487e-01 1.601484372565353809e-04
9.996600000000036346e+01 -1.542983436650047051e-02 9.867439223569786089e-01 9.863657076269517487e-01 -3.782147300268601242e-04
9.996700000000036823e+01 -1.497528891195284637e-02 9.844862563526529664e-01 9.842542309893020924e-01 -2.320253633508739810e-04
9.996800000000037301e+01 -1.452074345740522049e-02 9.828832412872401392e-01 9.822576259263942067e-01 -6.256153608459325000e-04
9.996900000000037778e+01 -1.406619800285759635e-02 9.804307321431392497e-01 9.804647942626241175e-01 3.406211948486781438e-05
9.997000000000038256e+01 -1.361165254830997220e-02 9.780413965546738142e-01 9.790195618998192018e-01 9.781653451453875547e-04
9.997100000000038733e+01 -1.315710709376234633e-02 9.787630747992924762e-01 9.783204574554521527e-01 -4.426173438403235849e-04
9.997200000000039211e+01 -1.270256163921472219e-02 9.777589104037418544e-01 9.779932726827843537e-01 2.343622790424992886e-04
9.997300000000039688e+01 -1.224801618466709631e-02 9.788577193372027807e-01 9.777300585053141369e-01 -1.127660831888643855e-03
9.997400000000040166e+01 -1.179347073011947217e-02 9.765896448403025287e-01 9.775076068352923642e-01 9.179619949898354392e-04
9.997500000000040643e+01 -1.133892527557184629e-02 9.771244823967668580e-01 9.773147607924829172e-01 1.902783957160592010e-04
9.997600000000041121e+01 -1.088437982102422215e-02 9.777984429130895938e-01 9.771448594786055208e-01 -6.535834344840729671e-04
9.997700000000041598e+01 -1.042983436647659801e-02 9.770796323454106203e-01 9.769934895110796713e-01 -8.614283433094893638e-05
9.997800000000042075e+01 -9.975288911928972130e-03 9.764781788755159120e-01 9.768575340173505372e-01 3.793551418346252646e-04
9.997900000000042553e+01 -9.520743457381347988e-03 9.764930028238667514e-01 9.767346933802407705e-01 2.416905563740190388e-04
9.998000000000043030e+01 -9.066198002833722111e-03 9.766350570375125217e-01 9.766232157129588476e-01 -1.184132455367414849e-05
9.998100000000043508e+01 -8.611652548286097969e-03 9.771769817842737016e-01 9.765217332607798451e-01 -6.552485234938565384e-04
9.998200000000043985e+01 -8.157107093738472092e-03 9.766541422592361910e-01 9.764291573182963813e-01 -2.249849409398096967e-04
9.998300000000044463e+01 -7.702561639190847950e-03 9.758245364858327831e-01 9.763446077107885701e-01 5.200712249557870592e-04
9.998400000000044940e+01 -7.248016184643222941e-03 9.773153113428536543e-01 9.762673637867693710e-01 -1.047947556084283249e-03
9.998500000000045418e+01 -6.793470730095597931e-03 9.760804069879689404e-01 9.761968293730479695e-01 1.164223850790291337e-04
9.998600000000045895e+01 -6.338925275547972922e-03 9.761150620845642223e-01 9.761325071126729647e-01 1.744502810874237753e-05
9.998700000000046373e+01 -5.884379821000347913e-03 9.757278933718425140e-01 9.760739792953946337e-01 3.460859235521196453e-04
9.998800000000046850e+01 -5.429834366452722903e-03 9.766809008286337912e-01 9.760208932949232530e-01 -6.600075337105382189e-04
9.998900000000047328e+01 -4.975288911905098761e-03 9.761850350879971439e-01 9.759729503474936507e-01 -2.120847405034931299e-04
9.999000000000047805e+01 -4.520743457357473752e-03 9.753898590091235610e-01 9.759298968016637543e-01 5.400377925401933510e-04
9.999100000000048283e+01 -4.066198002809848742e-03 9.759661740395983998e-01 9.758915172284891026e-01 -7.465681110929711650e-05
9.999200000000048760e+01 -3.611652548262223733e-03 9.763744399769115345e-01 9.758576289554112826e-01 -5.168110215002519325e-04
9.999300000000049238e+01 -3.157107093714598724e-03 9.753144946650760261e-01 9.758280777068686351e-01 5.135830417926090519e-04
9.999400000000049715e+01 -2.702561639166974148e-03 9.758839280339929312e-01 9.758027341185471215e-01 -8.119391544580967235e-05
9.999500000000050193e+01 -2.248016184619349139e-03 9.754002418922351758e-01 9.757814909521738134e-01 3.812490599386375578e-04
9.999600000000050670e+01 -1.793470730071724129e-03 9.761766385081935837e-01 9.757642608814521834e-01 -4.123776267414003271e-04
9.999700000000051148e+01 -1.338925275524099337e-03 9.749283873527015976e-01 9.757509747522262744e-01 8.225873995246768544e-04
9.999800000000051625e+01 -8.843798209764744357e-04 9.743088520138727393e-01 9.757415802446302022e-01 1.432728230757462917e-03
9.999900000000052103e+01 -4.298343664288494805e-04 9.758491005606352298e-01 9.757360408841782018e-01 -1.130596764570279689e-04
1.000000000000005258e+02 2.471108811877539336e-05 9.763782625079022726e-01 9.757343353641044770e-01 -6.439271437977955870e-04
1.000010000000005306e+02 4.792565426664002672e-04 9.761700595711152451e-01 9.757364571539358655e-01 -4.336024171793795290e-04
1.000020000000005354e+02 9.338019972140251682e-04 9.764056133397035486e-01 9.757424143801699534e-01 -6.631989595335952004e-04
1.000030000000005401e+02 1.388347451761650069e-03 9.759447491173863787e-01 9.757522299748047079e-01 -1.925191425816707991e-04
1.000040000000005449e+02 1.842892906309274862e-03 9.748534439545368802e-01 9.757659420970198338e-01 9.124981424829536891e-04
1.000050000000005497e+02 2.297438360856899654e-03 9.750963860735483157e-01 9.757836048432571019e-01 6.872187697087861480e-04
1.000060000000005545e+02 2.751983815404524664e-03 9.757652052806835563e-01 9.758052892719955018e-01 4.008399131194551046e-05
1.000070000000005592e+02 3.206529269952149673e-03 9.758863650840625681e-01 9.758310847824321899e-01 -5.528030163037822575e-05
1.000080000000005640e+02 3.661074724499774682e-03 9.758140820745390132e-01 9.758611009019922955e-01 4.701882745328234137e-05
1.000090000000005688e+02 4.115620179047399692e-03 9.757004950262377907e-01 9.758954695572911175e-01 1.949745310533268494e-04
1.000100000000005736e+02 4.570165633595024701e-03 9.765919778570194554e-01 9.759343479285677025e-01 -6.576299284517528321e-04
1.000110000000005783e+02 5.024711088142648843e-03 9.755611972772019191e-01 9.759779220211215467e-01 4.167247439196275494e-04
1.000120000000005831e+02 5.479256542690273853e-03 9.749759460577824832e-01 9.760264111324750136e-01 1.050465074692530365e-03
1.000130000000005879e+02 5.933801997237898862e-03 9.755449524933681449e-01 9.760800734561362324e-01 5.351209627680875158e-04
1.000140000000005926e+02 6.388347451785523871e-03 9.760178071807809053e-01 9.761392131499687652e-01 1.214059691878599523e-04
1.000150000000005974e+02 6.842892906333148881e-03 9.761211447136375341e-01 9.762041893217067168e-01 8.304460806918267934e-05
1.000160000000006022e+02 7.297438360880773890e-03 9.772505439495682289e-01 9.762754275658341863e-01 -9.751163837340426355e-04
1.000170000000006070e+02 7.751983815428398900e-03 9.761392050025853306e-01 9.763534349571112436e-01 2.142299545259129800e-04
1.000180000000006117e+02 8.206529269976023042e-03 9.771747558873373762e-01 9.764388198206853664e-01 -7.359360666520098349e-04
1.000190000000006165e+02 8.661074724523648918e-03 9.767670875507104000e-01 9.765323182512859468e-01 -2.347692994244532372e-04
1.000200000000006213e+02 9.115620179071273060e-03 9.773027671511625991e-01 9.766348304149942150e-01 -6.679367361683841153e-04
1.000210000000006261e+02 9.570165633618898937e-03 9.771043054271137951e-01 9.767474714590843599e-01 -3.568339680294352334e-04
1.000220000000006308e+02 1.002471108816652308e-02 9.765309197227129978e-01 9.768716450217594938e-01 3.407252990464959552e-04
1.000230000000006356e+02 1.047925654271414722e-02 9.773084283841884101e-01 9.770091532418450075e-01 -2.992751423434025781e-04
1.000240000000006404e+02 1.093380199726177310e-02 9.770892232466694693e-01 9.771623689620216879e-01 7.314571535221858767e-05
1.000250000000006452e+02 1.138834745180939724e-02 9.776740947720000685e-01 9.773345214729786123e-01 -3.395732990214561653e-04
1.000260000000006499e+02 1.184289290635702312e-02 9.772913592013130479e-01 9.775302096957179110e-01 2.388504944048630563e-04
1.000270000000006547e+02 1.229743836090464726e-02 9.781901624112464555e-01 9.777564358792316668e-01 -4.337265320147887238e-04
1.000280000000006595e+02 1.275198381545227314e-02 9.779855762868715496e-01 9.780251137939292017e-01 3.953750705765202156e-05
1.000290000000006643e+02 1.320652926999989728e-02 9.781290289304546137e-01 9.783620669599421005e-01 2.330380294874867531e-04
1.000300000000006690e+02 1.366107472454752142e-02 9.778373199811941641e-01 9.791523547716403097e-01 1.315034790446145685e-03
1.000310000000006738e+02 1.411562017909514730e-02 9.802873261246404235e-01 9.806462798555297677e-01 3.589537308893442358e-04
1.000320000000006786e+02 1.457016563364277144e-02 9.836617448719188195e-01 9.824667000236585457e-01 -1.195044848260273795e-03
1.000330000000006834e+02 1.502471108819039732e-02 9.835430638346567278e-01 9.844795825878049911e-01 9.365187531482632721e-04
1.000340000000006881e+02 1.547925654273802146e-02 9.865032396940867088e-01 9.865992107310664894e-01 9.597103697978059955e-05
1.000350000000006929e+02 1.593380199728564733e-02 9.888152832526788671e-01 9.887590291421184396e-01 -5.625411056042750602e-05
1.000360000000006977e+02 1.638834745183327321e-02 9.917555112143943141e-01 9.909015956036870687e-01 -8.539156107072454205e-04
1.000370000000007025e+02 1.684289290638089562e-02 9.935805302006989193e-01 9.929732868937435342e-01 -6.072433069553850871e-04
1.000380000000007072e+02 1.729743836092852149e-02 9.941708231168975285e-01 9.949208061801640968e-01 7.499830632665682728e-04
1.000390000000007120e+02 1.775198381547614737e-02 9.969569006658257626e-01 9.966864589129506014e-01 -2.704417528751612565e-04
1.000400000000007168e+02 1.820652927002376978e-02 9.976850532476652100e-01 9.982019433536226671e-01 5.168901059574571022e-04
1.000410000000007216e+02 1.866107472457139566e-02 9.999313876936734014e-01 9.993725457133354473e-01 -5.588419803379540696e-04
1.000420000000007263e+02 1.911562017911902153e-02 9.999266443264163140e-01 9.999984421473111507e-01 7.179782089483666141e-05
1.000430000000007311e+02 1.957016563366664741e-02 9.997432694550055787e-01 1.000000000000000000e+00 2.567305449944212725e-04
1.000440000000007359e+02 2.002471108821426982e-02 9.996557499874887398e-01 1.000000000000000000e+00 3.442500125112601950e-04
1.000450000000007407e+02 2.047925654276189569e-02 1.000347691467533551e+00 1.000000000000000000e+00 -3.476914675335507354e-04
1.000460000000007454e+02 2.093380199730952157e-02 9.999416267510984335e-01 1.000000000000000000e+00 5.837324890156647683e-05
1.000470000000007502e+02 2.138834745185714398e-02 9.998522257672728397e-01 1.000000000000000000e+00 1.477742327271602818e-04
1.000480000000007550e+02 2.184289290640476985e-02 9.990817236578085625e-01 1.000000000000000000e+00 9.182763421914375002e-04
1.000490000000007598e+02 2.229743836095239573e-02 1.000028676332521016e+00 1.000000000000000000e+00 -2.867633252101597918e-05
1.000500000000007645e+02 2.275198381550002161e-02 1.000009512333539741e+00 1.000000000000000000e+00 -9.512333539740680521e-06
1.000510000000007693e+02 2.320652927004764401e-02 1.000866103365847914e+00 1.000000000000000000e+00 -8.661033658479144748e-04
1.000520000000007741e+02 2.366107472459526989e-02 1.000340197848080592e+00 1.000000000000000000e+00 -3.401978480805922800e-04
1.000530000000007789e+02 2.411562017914289577e-02 1.000048273724408299e+00 1.000000000000000000e+00 -4.827372440829869049e-05
1.000540000000007836e+02 2.457016563369051818e-02 9.993327022917263269e-01 1.000000000000000000e+00 6.672977082736730736e-04
1.000550000000007884e+02 2.502471108823814405e-02 1.000003054176975770e+00 1.000000000000000000e+00 -3.054176975769706814e-06
1.000560000000007932e+02 2.547925654278576993e-02 9.993950378250838762e-01 1.000000000000000000e+00 6.049621749161238071e-04
1.000570000000007980e+02 2.593380199733339581e-02 1.000543231786869658e+00 1.000000000000000000e+00 -5.432317868696578955e-04
1.000580000000008027e+02 2.638834745188101821e-02 1.000039500295922812e+00 1.000000000000000000e+00 -3.950029592281190105e-05
1.000590000000008075e+02 2.684289290642864409e-02 1.000060506967172413e+00 1.000000000000000000e+00 -6.050696717241343947e-05
1.000600000000008123e+02 2.729743836097626997e-02 9.999720121008693896e-01 1.000000000000000000e+00 2.798789913061039414e-05
1.000610000000008171e+02 2.775198381552389237e-02 1.000320602844093631e+00 1.000000000000000000e+00 -3.206028440936314894e-04
1.000620000000008218e+02 2.820652927007151825e-02 9.994347342125304845e-01 1.000000000000000000e+00 5.652657874695155016e-04
1.000630000000008266e+02 2.866107472461914413e-02 1.000456143725230396e+00 1.000000000000000000e+00 -4.561437252303957024e-04
1.000640000000008314e+02 2.911562017916677000e-02 9.999865182720397705e-01 1.000000000000000000e+00 1.348172796022950592e-05
1.000650000000008362e+02 2.957016563371439241e-02 9.997976269139711158e-01 1.000000000000000000e+00 2.023730860288841527e-04
1.000660000000008409e+02 3.002471108826201829e-02 1.000175207838964742e+00 1.000000000000000000e+00 -1.752078389647415690e-04
1.000670000000008457e+02 3.047925654280964416e-02 1.000726738363784118e+00 1.000000000000000000e+00 -7.267383637841184907e-04
1.000680000000008505e+02 3.093380199735726657e-02 9.993245628076687925e-01 1.000000000000000000e+00 6.754371923312074699e-04
1.000690000000008553e+02 3.138834745190489245e-02 1.000087507185866587e+00 1.000000000000000000e+00 -8.750718586658656761e-05
1.000700000000008600e+02 3.184289290645251486e-02 1.000166066030848455e+00 1.000000000000000000e+00 -1.660660308484551706e-04
1.000710000000008648e+02 3.229743836100014420e-02 9.994839459589370811e-01 1.000000000000000000e+00 5.160540410629188557e-04
1.000720000000008696e+02 3.275198381554776661e-02 9.998809189163259115e-01 1.000000000000000000e+00 1.190810836740885392e-04
1.000730000000008744e+02 3.320652927009539596e-02 9.989179150418445730e-01 1.000000000000000000e+00 1.082084958155427046e-03
1.000740000000008791e+02 3.366107472464301836e-02 9.996298787416297849e-01 1.000000000000000000e+00 3.701212583702151449e-04
1.000750000000008839e+02 3.411562017919064077e-02 9.991683121713710314e-01 1.000000000000000000e+00 8.316878286289686173e-04
1.000760000000008887e+02 3.457016563373827012e-02 1.000845716767576166e+00 1.000000000000000000e+00 -8.457167675761656511e-04
1.000770000000008935e+02 3.502471108828589252e-02 1.000179728747411678e+00 1.000000000000000000e+00 -1.797287474116782136e-04
1.000780000000008982e+02 3.547925654283351493e-02 9.998359246959201974e-01 1.000000000000000000e+00 1.640753040798026419e-04
1.000790000000009030e+02 3.593380199738114428e-02 1.000616034957975575e+00 1.000000000000000000e+00 -6.160349579755752814e-04
1.000800000000009078e+02 3.638834745192876668e-02 1.000367707064278244e+00 1.000000000000000000e+00 -3.677070642782442889e-04
1.000810000000009126e+02 3.684289290647638909e-02 1.000301418921512031e+00 1.000000000000000000e+00 -3.014189215120310905e-04
1.000820000000009173e+02 3.729743836102401844e-02 1.000854440400113621e+00 1.000000000000000000e+00 -8.544404001136207683e-04
1.000830000000009221e+02 3.775198381557164085e-02 9.995706611076348169e-01 1.000000000000000000e+00 4.293388923651830780e-04
1.000840000000009269e+02 3.820652927011926325e-02 1.000211449064726477e+00 1.000000000000000000e+00 -2.114490647264766210e-04
1.000850000000009317e+02 3.866107472466689260e-02 1.000334269564855605e+00 1.000000000000000000e+00 -3.342695648556048837e-04
1.000860000000009364e+02 3.911562017921451501e-02 1.000599734568421662e+00 1.000000000000000000e+00 -5.997345684216615069e-04
1.000870000000009412e+02 3.957016563376214435e-02 9.997999693592795056e-01 1.000000000000000000e+00 2.000306407204943682e-04
1.000880000000009460e+02 4.002471108830976676e-02 1.000185867904827663e+00 1.000000000000000000e+00 -1.858679048276634660e-04
1.000890000000009508e+02 4.047925654285738917e-02 9.987073439369124062e-01 1.000000000000000000e+00 1.292656063087593843e-03
1.000900000000009555e+02 4.093380199740501851e-02 1.000504784571177197e+00 1.000000000000000000e+00 -5.047845711771969945e-04
1.000910000000009603e+02 4.138834745195264092e-02 1.000181574194612732e+00 1.000000000000000000e+00 -1.815741946127324979e-04
1.000920000000009651e+02 4.184289290650026333e-02 1.000122408191806311e+00 1.000000000000000000e+00 -1.224081918063113505e-04
1.000930000000009699e+02 4.229743836104789267e-02 1.000389631881867913e+00 1.000000000000000000e+00 -3.896318818679134210e-04
1.000940000000009746e+02 4.275198381559551508e-02 1.000314985830488723e+00 1.000000000000000000e+00 -3.149858304887231952e-04
1.000950000000009794e+02 4.320652927014313749e-02 1.000135981795092111e+00 1.000000000000000000e+00 -1.359817950921105023e-04
1.000960000000009842e+02 4.366107472469076684e-02 1.000546265811949720e+00 1.000000000000000000e+00 -5.462658119497199039e-04
1.000970000000009890e+02 4.411562017923838924e-02 1.000217289113554342e+00 1.000000000000000000e+00 -2.172891135543419949e-04
1.000980000000009937e+02 4.457016563378601165e-02 1.000265981488426492e+00 1.000000000000000000e+00 -2.659814884264921631e-04
1.000990000000009985e+02 4.502471108833364100e-02 1.000206762744441091e+00 1.000000000000000000e+00 -2.067627444410913284e-04
1.001000000000010033e+02 4.547925654288126340e-02 1.000034726229545479e+00 1.000000000000000000e+00 -3.472622954547865959e-05
1.001010000000010081e+02 4.593380199742889275e-02 1.000032111864500584e+00 1.000000000000000000e+00 -3.211186450058356456e-05
1.001020000000010128e+02 4.638834745197651516e-02 1.000261449920080370e+00 1.000000000000000000e+00 -2.614499200803699352e-04
1.001030000000010176e+02 4.684289290652413756e-02 1.000993729209323835e+00 1.000000000000000000e+00 -9.937292093238347945e-04
1.001040000000010224e+02 4.729743836107176691e-02 1.000460488490795274e+00 1.000000000000000000e+00 -4.604884907952744300e-04
1.001050000000010272e+02 4.775198381561938932e-02 1.000636615281767838e+00 1.000000000000000000e+00 -6.366152817678383258e-04
1.001060000000010319e+02 4.820652927016701172e-02 1.000621138940605892e+00 1.000000000000000000e+00 -6.211389406058920315e-04
1.001070000000010367e+02 4.866107472471464107e-02 9.996059301412920650e-01 1.000000000000000000e+00 3.940698587079349835e-04
1.001080000000010415e+02 4.911562017926226348e-02 1.000148297884120518e+00 1.000000000000000000e+00 -1.482978841205184750e-04
1.001090000000010463e+02 4.957016563380988589e-02 9.999829992632123243e-01 1.000000000000000000e+00 1.700073678767566321e-05
