 3.50  2000.  0.0  2.0 -0.1660  0.5879 -0.7716  1.3254 B  L PHOENIX
 4.00  2000.  0.0  2.0 -0.1570  0.6403 -0.6674  1.1643 B  L PHOENIX
 4.50  2000.  0.0  2.0 -0.1755  0.7692 -0.6532  1.0403 B  L PHOENIX
 5.00  2000.  0.0  2.0 -0.1138  0.5980 -0.2132  0.7158 B  L PHOENIX
 3.50  2200.  0.0  2.0 -0.0926  0.2032  0.2990  0.5722 B  L PHOENIX
 4.00  2200.  0.0  2.0 -0.0505  0.1785  0.4096  0.4510 B  L PHOENIX
 4.50  2200.  0.0  2.0 -0.0813  0.4650 -0.0547  0.6603 B  L PHOENIX
 5.00  2200.  0.0  2.0 -0.0940  0.6094 -0.1063  0.5803 B  L PHOENIX
 3.50  2400.  0.0  2.0 -0.1194  0.4248  0.6416  0.0348 B  L PHOENIX
 4.00  2400.  0.0  2.0 -0.0846  0.4175  0.6546 -0.0007 B  L PHOENIX
 4.50  2400.  0.0  2.0 -0.0115  0.2758  0.6710  0.0588 B  L PHOENIX
 5.00  2400.  0.0  2.0  0.0120  0.4088  0.3614  0.2152 B  L PHOENIX
 3.50  2600.  0.0  2.0 -0.0897  1.1450 -0.0737  0.0047 B  L PHOENIX
 4.00  2600.  0.0  2.0 -0.0869  0.9981  0.1089 -0.0326 B  L PHOENIX
 4.50  2600.  0.0  2.0 -0.0137  0.7684  0.3260 -0.0880 B  L PHOENIX
 5.00  2600.  0.0  2.0  0.1181  0.3348  0.7177 -0.1688 B  L PHOENIX
 3.50  2800.  0.0  2.0  0.1955  1.1693 -0.5144  0.1481 B  L PHOENIX
 4.00  2800.  0.0  2.0  0.1102  1.1811 -0.3834  0.0865 B  L PHOENIX
 4.50  2800.  0.0  2.0  0.1134  1.1485 -0.3213  0.0539 B  L PHOENIX
 5.00  2800.  0.0  2.0  0.1527  0.7901  0.1853 -0.1344 B  L PHOENIX
 3.50  3000.  0.0  2.0  0.4419  0.7585 -0.3094  0.1120 B  L PHOENIX
 4.00  3000.  0.0  2.0  0.5234  0.7884 -0.4434  0.1354 B  L PHOENIX
 4.50  3000.  0.0  2.0  0.4888  0.9016 -0.5478  0.1584 B  L PHOENIX
 5.00  3000.  0.0  2.0  0.3356  1.0040 -0.4318  0.0822 B  L PHOENIX
 3.50  3200.  0.0  2.0  0.4612  0.6262 -0.3179  0.2272 B  L PHOENIX
 4.00  3200.  0.0  2.0  0.6433  0.4907 -0.2127  0.0767 B  L PHOENIX
 4.50  3200.  0.0  2.0  0.7155  0.4862 -0.2891  0.0836 B  L PHOENIX
 5.00  3200.  0.0  2.0  0.6758  0.6122 -0.4162  0.1171 B  L PHOENIX
 3.50  3400.  0.0  2.0  0.2749  1.0158 -1.1917  0.8793 B  L PHOENIX
 4.00  3400.  0.0  2.0  0.6180  0.2720  0.0748  0.0201 B  L PHOENIX
 4.50  3400.  0.0  2.0  0.7368  0.3385 -0.1211  0.0246 B  L PHOENIX
 5.00  3400.  0.0  2.0  0.7970  0.3737 -0.2773  0.0803 B  L PHOENIX
 3.50  3600.  0.0  2.0  0.2521  0.6665 -0.9536  1.0055 B  L PHOENIX
 4.00  3600.  0.0  2.0  0.5342  0.1176  0.1499  0.1628 B  L PHOENIX
 4.50  3600.  0.0  2.0  0.6372  0.2815  0.0731 -0.0449 B  L PHOENIX
 5.00  3600.  0.0  2.0  0.7278  0.4214 -0.2924  0.0818 B  L PHOENIX
 3.50  3800.  0.0  2.0  0.3931 -0.2117  0.2382  0.5584 B  L PHOENIX
 4.00  3800.  0.0  2.0  0.4770 -0.0093  0.0971  0.3858 B  L PHOENIX
 4.50  3800.  0.0  2.0  0.6011  0.0062  0.3893 -0.0678 B  L PHOENIX
 5.00  3800.  0.0  2.0  0.6715  0.3190 -0.0958  0.0147 B  L PHOENIX
 3.50  4000.  0.0  2.0  0.6209 -0.5790  0.8677  0.0118 B  L PHOENIX
 4.00  4000.  0.0  2.0  0.5559 -0.2664  0.4563  0.1929 B  L PHOENIX
 4.50  4000.  0.0  2.0  0.6373 -0.3661  0.5917  0.0592 B  L PHOENIX
 5.00  4000.  0.0  2.0  0.6968 -0.1129  0.4434 -0.1312 B  L PHOENIX
 3.50  4200.  0.0  2.0  0.6500 -0.7240  1.0966 -0.1170 B  L PHOENIX
 4.00  4200.  0.0  2.0  0.5735 -0.3908  0.6597  0.1013 B  L PHOENIX
 4.50  4200.  0.0  2.0  0.5308 -0.3778  0.6718  0.1112 B  L PHOENIX
 5.00  4200.  0.0  2.0  0.6765 -0.4024  0.7214 -0.0858 B  L PHOENIX
 3.50  4400.  0.0  2.0  0.5564 -0.5183  0.9631 -0.1049 B  L PHOENIX
 4.00  4400.  0.0  2.0  0.5423 -0.3513  0.7212  0.0371 B  L PHOENIX
 4.50  4400.  0.0  2.0  0.6848 -0.6984  1.0215 -0.0764 B  L PHOENIX
 5.00  4400.  0.0  2.0  0.6877 -0.7413  1.0842 -0.1043 B  L PHOENIX
 3.50  4600.  0.0  2.0  0.5407 -0.4798  0.9771 -0.1458 B  L PHOENIX
 4.00  4600.  0.0  2.0  0.5006 -0.2697  0.7257 -0.0057 B  L PHOENIX
 4.50  4600.  0.0  2.0  0.6833 -0.7368  1.1540 -0.1660 B  L PHOENIX
 5.00  4600.  0.0  2.0  0.7133 -0.8108  1.2050 -0.1815 B  L PHOENIX
 3.50  4800.  0.0  2.0  0.5654 -0.5924  1.2054 -0.2852 B  L PHOENIX
 4.00  4800.  0.0  2.0  0.4842 -0.2268  0.7646 -0.0673 B  L PHOENIX
 4.50  4800.  0.0  2.0  0.6848 -0.7794  1.3260 -0.2958 B  L PHOENIX
 5.00  4800.  0.0  2.0  0.7586 -0.9761  1.5074 -0.3632 B  L PHOENIX
 3.50  5000.  0.0  2.0  0.6229 -0.6098  1.1301 -0.2372 B  L PHOENIX
 4.00  5000.  0.0  2.0  0.6447 -0.5762  1.1156 -0.2423 B  L PHOENIX
 4.50  5000.  0.0  2.0  0.7171 -0.8516  1.4443 -0.3842 B  L PHOENIX
 5.00  5000.  0.0  2.0  0.7570 -0.9776  1.5880 -0.4473 B  L PHOENIX
 3.50  5200.  0.0  2.0  0.6514 -0.7368  1.3739 -0.3875 B  L PHOENIX
 4.00  5200.  0.0  2.0  0.6903 -0.7161  1.3310 -0.3675 B  L PHOENIX
 4.50  5200.  0.0  2.0  0.7265 -0.8859  1.5426 -0.4624 B  L PHOENIX
 5.00  5200.  0.0  2.0  0.7498 -0.9579  1.6227 -0.4998 B  L PHOENIX
 3.50  5400.  0.0  2.0  0.6556 -0.7679  1.4702 -0.4647 B  L PHOENIX
 4.00  5400.  0.0  2.0  0.7216 -0.8026  1.4775 -0.4639 B  L PHOENIX
 4.50  5400.  0.0  2.0  0.7349 -0.9053  1.6152 -0.5292 B  L PHOENIX
 5.00  5400.  0.0  2.0  0.7503 -0.9527  1.6658 -0.5536 B  L PHOENIX
 3.50  5600.  0.0  2.0  0.6608 -0.8099  1.5837 -0.5491 B  L PHOENIX
 4.00  5600.  0.0  2.0  0.7432 -0.8712  1.6065 -0.5517 B  L PHOENIX
 4.50  5600.  0.0  2.0  0.7399 -0.9153  1.6728 -0.5878 B  L PHOENIX
 5.00  5600.  0.0  2.0  0.7618 -1.0040  1.8441 -0.6984 B  L PHOENIX
 3.50  5800.  0.0  2.0  0.6684 -0.8643  1.7128 -0.6399 B  L PHOENIX
 4.00  5800.  0.0  2.0  0.7645 -0.9447  1.7388 -0.6384 B  L PHOENIX
 4.50  5800.  0.0  2.0  0.7464 -0.9322  1.7311 -0.6423 B  L PHOENIX
 5.00  5800.  0.0  2.0  0.7574 -0.9774  1.8527 -0.7364 B  L PHOENIX
 3.50  7000.  0.0  2.0  0.6340 -0.8827  2.1356 -1.0545 B  L PHOENIX
 4.00  7000.  0.0  2.0  0.7872 -1.1369  2.3326 -1.1064 B  L PHOENIX
 4.50  7000.  0.0  2.0  0.7049 -0.8367  1.9169 -0.9327 B  L PHOENIX
 5.00  7000.  0.0  2.0  0.7102 -0.8119  1.8403 -0.8922 B  L PHOENIX
 3.50  7200.  0.0  2.0  0.5501 -0.5995  1.8459 -0.9750 B  L PHOENIX
 4.00  7200.  0.0  2.0  0.6593 -0.6538  1.7734 -0.9205 B  L PHOENIX
 4.50  7200.  0.0  2.0  0.6588 -0.6838  1.7704 -0.9027 B  L PHOENIX
 5.00  7200.  0.0  2.0  0.6750 -0.6961  1.7309 -0.8728 B  L PHOENIX
 3.50  7400.  0.0  2.0  0.4208 -0.1857  1.4052 -0.8343 B  L PHOENIX
 4.00  7400.  0.0  2.0  0.5584 -0.3417  1.4591 -0.8314 B  L PHOENIX
 4.50  7400.  0.0  2.0  0.5957 -0.4642  1.5364 -0.8357 B  L PHOENIX
 5.00  7400.  0.0  2.0  0.6264 -0.5312  1.5593 -0.8277 B  L PHOENIX
 3.50  7600.  0.0  2.0  0.3221  0.2033  0.9148 -0.6462 B  L PHOENIX
 4.00  7600.  0.0  2.0  0.4763 -0.0222  1.0732 -0.6950 B  L PHOENIX
 4.50  7600.  0.0  2.0  0.5176 -0.1787  1.2098 -0.7278 B  L PHOENIX
 5.00  7600.  0.0  2.0  0.5634 -0.3089  1.3118 -0.7502 B  L PHOENIX
 3.50  7800.  0.0  2.0  0.2493  0.5360  0.4349 -0.4331 B  L PHOENIX
 4.00  7800.  0.0  2.0  0.3916  0.3328  0.6157 -0.5187 B  L PHOENIX
 4.50  7800.  0.0  2.0  0.3987  0.2201  0.7616 -0.5740 B  L PHOENIX
 5.00  7800.  0.0  2.0  0.4886 -0.0322  0.9862 -0.6379 B  L PHOENIX
 3.50  8000.  0.0  2.0  0.2232  0.7423  0.0167 -0.1952 B  L PHOENIX
 4.00  8000.  0.0  2.0  0.3241  0.6463  0.1810 -0.3381 B  L PHOENIX
 4.50  8000.  0.0  2.0  0.3245  0.5347  0.3497 -0.4138 B  L PHOENIX
 5.00  8000.  0.0  2.0  0.3846  0.3304  0.5638 -0.4876 B  L PHOENIX
 3.50  8200.  0.0  2.0  0.2736  0.6786 -0.0684 -0.0907 B  L PHOENIX
 4.00  8200.  0.0  2.0  0.3175  0.6918  0.0933 -0.2901 B  L PHOENIX
 4.50  8200.  0.0  2.0  0.2643  0.8205 -0.0501 -0.2480 B  L PHOENIX
 5.00  8200.  0.0  2.0  0.3036  0.6594  0.1395 -0.3227 B  L PHOENIX
 3.50  8400.  0.0  2.0  0.2764  0.8158 -0.3200  0.0179 B  L PHOENIX
 4.00  8400.  0.0  2.0  0.2140  1.1652 -0.5949  0.0227 B  L PHOENIX
 4.50  8400.  0.0  2.0  0.2346  1.0091 -0.3501 -0.1118 B  L PHOENIX
 5.00  8400.  0.0  2.0  0.2452  0.9366 -0.2483 -0.1627 B  L PHOENIX
 3.50  8600.  0.0  2.0  0.2618  0.9593 -0.5545  0.1153 B  L PHOENIX
 4.00  8600.  0.0  2.0  0.3411  0.8020 -0.3488  0.0205 B  L PHOENIX
 4.50  8600.  0.0  2.0  0.2345  1.0516 -0.4486 -0.0571 B  L PHOENIX
 5.00  8600.  0.0  2.0  0.2016  1.1834 -0.6185 -0.0030 B  L PHOENIX
 3.50  8800.  0.0  2.0  0.2848  0.9563 -0.6066  0.1412 B  L PHOENIX
 4.00  8800.  0.0  2.0  0.4987  0.3172  0.1772 -0.1732 B  L PHOENIX
 4.50  8800.  0.0  2.0  0.2358  1.1511 -0.7087  0.1055 B  L PHOENIX
 5.00  8800.  0.0  2.0  0.1994  1.2745 -0.8042  0.0903 B  L PHOENIX
 3.50  9000.  0.0  2.0  0.3253  0.9736 -0.7219  0.2027 B  L PHOENIX
 4.00  9000.  0.0  2.0  0.4686  0.5510 -0.2142 -0.0002 B  L PHOENIX
 4.50  9000.  0.0  2.0  0.4628  0.4466 -0.0574 -0.0584 B  L PHOENIX
 5.00  9000.  0.0  2.0  0.2965  0.9404 -0.4386 -0.0333 B  L PHOENIX
 3.50  9200.  0.0  2.0  0.3368  0.9622 -0.7457  0.2176 B  L PHOENIX
 4.00  9200.  0.0  2.0  0.5032  0.5638 -0.3152  0.0546 B  L PHOENIX
 4.50  9200.  0.0  2.0  0.4558  0.5457 -0.2206  0.0049 B  L PHOENIX
 5.00  9200.  0.0  2.0  0.3460  0.8608 -0.4925  0.0525 B  L PHOENIX
 3.50  9400.  0.0  2.0  0.4178  0.7858 -0.5970  0.1676 B  L PHOENIX
 4.00  9400.  0.0  2.0  0.5122  0.5850 -0.3885  0.0912 B  L PHOENIX
 4.50  9400.  0.0  2.0  0.4602  0.5875 -0.3182  0.0493 B  L PHOENIX
 5.00  9400.  0.0  2.0  0.4760  0.4617 -0.1440 -0.0193 B  L PHOENIX
 3.50  9600.  0.0  2.0  0.4019  0.8229 -0.6472  0.1848 B  L PHOENIX
 4.00  9600.  0.0  2.0  0.5132  0.5828 -0.4047  0.0982 B  L PHOENIX
 4.50  9600.  0.0  2.0  0.4736  0.5858 -0.3561  0.0693 B  L PHOENIX
 5.00  9600.  0.0  2.0  0.5072  0.3251  0.0550 -0.1153 B  L PHOENIX
 3.50  9800.  0.0  2.0  0.4309  0.7777 -0.6331  0.1839 B  L PHOENIX
 4.00  9800.  0.0  2.0  0.5307  0.5542 -0.3986  0.0976 B  L PHOENIX
 4.50  9800.  0.0  2.0  0.5016  0.5496 -0.3550  0.0738 B  L PHOENIX
 5.00  9800.  0.0  2.0  0.5079  0.4662 -0.2328  0.0220 B  L PHOENIX
