 3.50  2000.  0.0  2.0 -0.0025  0.5284 -0.2408  0.7105 C  L PHOENIX
 4.00  2000.  0.0  2.0  0.0321  0.4525  0.0137  0.4993 C  L PHOENIX
 4.50  2000.  0.0  2.0  0.0491  0.4256  0.1448  0.3789 C  L PHOENIX
 5.00  2000.  0.0  2.0  0.0609  0.4409  0.1826  0.3141 C  L PHOENIX
 3.50  2200.  0.0  2.0  0.0737  0.1624  0.3997  0.3658 C  L PHOENIX
 4.00  2200.  0.0  2.0  0.0858  0.2057  0.4930  0.2174 C  L PHOENIX
 4.50  2200.  0.0  2.0  0.0653  0.3464  0.3565  0.2315 C  L PHOENIX
 5.00  2200.  0.0  2.0  0.0670  0.4194  0.3098  0.2028 C  L PHOENIX
 3.50  2400.  0.0  2.0  0.1040  0.0638  0.9314 -0.0962 C  L PHOENIX
 4.00  2400.  0.0  2.0  0.1149  0.1750  0.8379 -0.1247 C  L PHOENIX
 4.50  2400.  0.0  2.0  0.1193  0.2595  0.6866 -0.0623 C  L PHOENIX
 5.00  2400.  0.0  2.0  0.1134  0.4148  0.4499  0.0235 C  L PHOENIX
 3.50  2600.  0.0  2.0  0.0905  0.7527  0.2944 -0.1406 C  L PHOENIX
 4.00  2600.  0.0  2.0  0.1394  0.5561  0.4867 -0.1816 C  L PHOENIX
 4.50  2600.  0.0  2.0  0.1817  0.5183  0.4688 -0.1662 C  L PHOENIX
 5.00  2600.  0.0  2.0  0.2272  0.4226  0.5037 -0.1488 C  L PHOENIX
 3.50  2800.  0.0  2.0  0.3921  0.8877 -0.3748  0.0929 C  L PHOENIX
 4.00  2800.  0.0  2.0  0.3799  0.6217  0.0787 -0.0830 C  L PHOENIX
 4.50  2800.  0.0  2.0  0.3567  0.6493  0.0863 -0.0962 C  L PHOENIX
 5.00  2800.  0.0  2.0  0.3938  0.4329  0.3515 -0.1812 C  L PHOENIX
 3.50  3000.  0.0  2.0  0.6996  0.3817 -0.1471  0.0553 C  L PHOENIX
 4.00  3000.  0.0  2.0  0.7075  0.4156 -0.1857  0.0457 C  L PHOENIX
 4.50  3000.  0.0  2.0  0.6453  0.5221 -0.2325  0.0433 C  L PHOENIX
 5.00  3000.  0.0  2.0  0.5562  0.5051 -0.0371 -0.0499 C  L PHOENIX
 3.50  3200.  0.0  2.0  0.7429  0.1777 -0.0384  0.0874 C  L PHOENIX
 4.00  3200.  0.0  2.0  0.8088  0.1127  0.0496 -0.0124 C  L PHOENIX
 4.50  3200.  0.0  2.0  0.8198  0.1741 -0.0379 -0.0025 C  L PHOENIX
 5.00  3200.  0.0  2.0  0.7737  0.2976 -0.1439  0.0207 C  L PHOENIX
 3.50  3400.  0.0  2.0  0.6195  0.2780 -0.3437  0.3841 C  L PHOENIX
 4.00  3400.  0.0  2.0  0.7213 -0.0225  0.2632 -0.0403 C  L PHOENIX
 4.50  3400.  0.0  2.0  0.7525  0.1298  0.0659 -0.0373 C  L PHOENIX
 5.00  3400.  0.0  2.0  0.7810  0.2402 -0.1410  0.0279 C  L PHOENIX
 3.50  3600.  0.0  2.0  0.5632 -0.0111 -0.1959  0.5563 C  L PHOENIX
 4.00  3600.  0.0  2.0  0.6749 -0.3636  0.6253 -0.0436 C  L PHOENIX
 4.50  3600.  0.0  2.0  0.6411 -0.0398  0.4613 -0.1944 C  L PHOENIX
 5.00  3600.  0.0  2.0  0.6342  0.3701 -0.1622  0.0152 C  L PHOENIX
 3.50  3800.  0.0  2.0  0.6864 -0.8219  0.8174  0.2463 C  L PHOENIX
 4.00  3800.  0.0  2.0  0.7577 -0.9167  1.2127 -0.1537 C  L PHOENIX
 4.50  3800.  0.0  2.0  0.7038 -0.5543  1.1064 -0.3886 C  L PHOENIX
 5.00  3800.  0.0  2.0  0.6293  0.1394  0.2084 -0.1405 C  L PHOENIX
 3.50  4000.  0.0  2.0  0.5831 -0.5214  1.2048 -0.4062 C  L PHOENIX
 4.00  4000.  0.0  2.0  0.7315 -0.9405  1.5415 -0.4346 C  L PHOENIX
 4.50  4000.  0.0  2.0  0.7725 -0.9510  1.5266 -0.4724 C  L PHOENIX
 5.00  4000.  0.0  2.0  0.6891 -0.2073  0.6363 -0.2832 C  L PHOENIX
 3.50  4200.  0.0  2.0  0.6245 -0.5506  1.1426 -0.3878 C  L PHOENIX
 4.00  4200.  0.0  2.0  0.6304 -0.5495  1.2138 -0.3975 C  L PHOENIX
 4.50  4200.  0.0  2.0  0.5668 -0.5971  1.3525 -0.4334 C  L PHOENIX
 5.00  4200.  0.0  2.0  0.6575 -0.3322  0.8240 -0.2972 C  L PHOENIX
 3.50  4400.  0.0  2.0  0.5901 -0.4597  1.0751 -0.3908 C  L PHOENIX
 4.00  4400.  0.0  2.0  0.6612 -0.3854  0.9184 -0.2930 C  L PHOENIX
 4.50  4400.  0.0  2.0  0.7110 -0.5963  1.1176 -0.3653 C  L PHOENIX
 5.00  4400.  0.0  2.0  0.6632 -0.5585  1.1601 -0.3979 C  L PHOENIX
 3.50  4600.  0.0  2.0  0.5724 -0.3649  0.9398 -0.3495 C  L PHOENIX
 4.00  4600.  0.0  2.0  0.7057 -0.4230  0.9080 -0.2960 C  L PHOENIX
 4.50  4600.  0.0  2.0  0.7781 -0.7381  1.2313 -0.4155 C  L PHOENIX
 5.00  4600.  0.0  2.0  0.7500 -0.6597  1.1420 -0.3836 C  L PHOENIX
 3.50  4800.  0.0  2.0  0.5629 -0.2876  0.8150 -0.3044 C  L PHOENIX
 4.00  4800.  0.0  2.0  0.7005 -0.3313  0.7804 -0.2604 C  L PHOENIX
 4.50  4800.  0.0  2.0  0.7637 -0.6716  1.1547 -0.4021 C  L PHOENIX
 5.00  4800.  0.0  2.0  0.7907 -0.7657  1.2331 -0.4256 C  L PHOENIX
 3.50  5000.  0.0  2.0  0.6904 -0.5300  0.9860 -0.3473 C  L PHOENIX
 4.00  5000.  0.0  2.0  0.8223 -0.6764  1.0765 -0.3693 C  L PHOENIX
 4.50  5000.  0.0  2.0  0.7851 -0.7296  1.1903 -0.4228 C  L PHOENIX
 5.00  5000.  0.0  2.0  0.7830 -0.7423  1.2015 -0.4261 C  L PHOENIX
 3.50  5200.  0.0  2.0  0.6967 -0.5396  0.9834 -0.3556 C  L PHOENIX
 4.00  5200.  0.0  2.0  0.8403 -0.7171  1.1006 -0.3845 C  L PHOENIX
 4.50  5200.  0.0  2.0  0.7810 -0.7018  1.1453 -0.4139 C  L PHOENIX
 5.00  5200.  0.0  2.0  0.7691 -0.6895  1.1327 -0.4084 C  L PHOENIX
 3.50  5400.  0.0  2.0  0.6938 -0.5170  0.9297 -0.3354 C  L PHOENIX
 4.00  5400.  0.0  2.0  0.8486 -0.7242  1.0799 -0.3783 C  L PHOENIX
 4.50  5400.  0.0  2.0  0.7741 -0.6552  1.0663 -0.3870 C  L PHOENIX
 5.00  5400.  0.0  2.0  0.7592 -0.6409  1.0593 -0.3852 C  L PHOENIX
 3.50  5600.  0.0  2.0  0.6983 -0.5380  0.9438 -0.3456 C  L PHOENIX
 4.00  5600.  0.0  2.0  0.8569 -0.7529  1.1004 -0.3908 C  L PHOENIX
 4.50  5600.  0.0  2.0  0.7750 -0.6470  1.0408 -0.3820 C  L PHOENIX
 5.00  5600.  0.0  2.0  0.7842 -0.7342  1.2048 -0.4717 C  L PHOENIX
 3.50  5800.  0.0  2.0  0.7055 -0.5821  0.9980 -0.3753 C  L PHOENIX
 4.00  5800.  0.0  2.0  0.8681 -0.8019  1.1537 -0.4181 C  L PHOENIX
 4.50  5800.  0.0  2.0  0.7797 -0.6629  1.0501 -0.3912 C  L PHOENIX
 5.00  5800.  0.0  2.0  0.7898 -0.7512  1.2240 -0.4903 C  L PHOENIX
 3.50  7000.  0.0  2.0  0.7485 -0.8517  1.4125 -0.6207 C  L PHOENIX
 4.00  7000.  0.0  2.0  0.9440 -1.1949  1.7187 -0.7224 C  L PHOENIX
 4.50  7000.  0.0  2.0  0.8348 -0.9618  1.5006 -0.6566 C  L PHOENIX
 5.00  7000.  0.0  2.0  0.8175 -0.9274  1.4640 -0.6443 C  L PHOENIX
 3.50  7200.  0.0  2.0  0.7263 -0.7870  1.3511 -0.6103 C  L PHOENIX
 4.00  7200.  0.0  2.0  0.8999 -1.0548  1.5865 -0.6990 C  L PHOENIX
 4.50  7200.  0.0  2.0  0.8198 -0.9262  1.4719 -0.6579 C  L PHOENIX
 5.00  7200.  0.0  2.0  0.8052 -0.9026  1.4459 -0.6482 C  L PHOENIX
 3.50  7400.  0.0  2.0  0.6875 -0.7058  1.2963 -0.6086 C  L PHOENIX
 4.00  7400.  0.0  2.0  0.8695 -1.0062  1.5727 -0.7143 C  L PHOENIX
 4.50  7400.  0.0  2.0  0.7981 -0.8636  1.4086 -0.6446 C  L PHOENIX
 5.00  7400.  0.0  2.0  0.7875 -0.8574  1.4028 -0.6420 C  L PHOENIX
 3.50  7600.  0.0  2.0  0.6614 -0.6034  1.1606 -0.5589 C  L PHOENIX
 4.00  7600.  0.0  2.0  0.8463 -0.9233  1.4691 -0.6806 C  L PHOENIX
 4.50  7600.  0.0  2.0  0.7705 -0.7744  1.3084 -0.6154 C  L PHOENIX
 5.00  7600.  0.0  2.0  0.7641 -0.7893  1.3301 -0.6236 C  L PHOENIX
 3.50  7800.  0.0  2.0  0.6354 -0.4758  0.9692 -0.4766 C  L PHOENIX
 4.00  7800.  0.0  2.0  0.8178 -0.8083  1.3155 -0.6228 C  L PHOENIX
 4.50  7800.  0.0  2.0  0.7275 -0.6710  1.2192 -0.5974 C  L PHOENIX
 5.00  7800.  0.0  2.0  0.7355 -0.6968  1.2233 -0.5902 C  L PHOENIX
 3.50  8000.  0.0  2.0  0.6156 -0.3383  0.7276 -0.3591 C  L PHOENIX
 4.00  8000.  0.0  2.0  0.7925 -0.6929  1.1476 -0.5535 C  L PHOENIX
 4.50  8000.  0.0  2.0  0.7052 -0.5792  1.0905 -0.5481 C  L PHOENIX
 5.00  8000.  0.0  2.0  0.6962 -0.5902  1.1161 -0.5608 C  L PHOENIX
 3.50  8200.  0.0  2.0  0.6015 -0.2151  0.4932 -0.2400 C  L PHOENIX
 4.00  8200.  0.0  2.0  0.7997 -0.6942  1.1068 -0.5228 C  L PHOENIX
 4.50  8200.  0.0  2.0  0.6834 -0.4763  0.9365 -0.4838 C  L PHOENIX
 5.00  8200.  0.0  2.0  0.6651 -0.4780  0.9714 -0.5071 C  L PHOENIX
 3.50  8400.  0.0  2.0  0.5600 -0.0128  0.2078 -0.1233 C  L PHOENIX
 4.00  8400.  0.0  2.0  0.7081 -0.3656  0.7010 -0.3624 C  L PHOENIX
 4.50  8400.  0.0  2.0  0.6723 -0.4010  0.8028 -0.4216 C  L PHOENIX
 5.00  8400.  0.0  2.0  0.6430 -0.3774  0.8223 -0.4455 C  L PHOENIX
 3.50  8600.  0.0  2.0  0.5742 -0.0334  0.2053 -0.1204 C  L PHOENIX
 4.00  8600.  0.0  2.0  0.7341 -0.3897  0.6124 -0.2859 C  L PHOENIX
 4.50  8600.  0.0  2.0  0.6844 -0.4172  0.7807 -0.3999 C  L PHOENIX
 5.00  8600.  0.0  2.0  0.6263 -0.2864  0.6769 -0.3824 C  L PHOENIX
 3.50  8800.  0.0  2.0  0.5952 -0.0745  0.2186 -0.1197 C  L PHOENIX
 4.00  8800.  0.0  2.0  0.7689 -0.4533  0.5996 -0.2543 C  L PHOENIX
 4.50  8800.  0.0  2.0  0.6411 -0.2245  0.4938 -0.2685 C  L PHOENIX
 5.00  8800.  0.0  2.0  0.6258 -0.2496  0.5860 -0.3348 C  L PHOENIX
 3.50  9000.  0.0  2.0  0.5902  0.0360  0.0355 -0.0390 C  L PHOENIX
 4.00  9000.  0.0  2.0  0.7763 -0.4602  0.5785 -0.2452 C  L PHOENIX
 4.50  9000.  0.0  2.0  0.6989 -0.3385  0.4780 -0.2108 C  L PHOENIX
 5.00  9000.  0.0  2.0  0.6702 -0.3662  0.6476 -0.3292 C  L PHOENIX
 3.50  9200.  0.0  2.0  0.6248 -0.0739  0.1432 -0.0772 C  L PHOENIX
 4.00  9200.  0.0  2.0  0.7658 -0.3606  0.4170 -0.1742 C  L PHOENIX
 4.50  9200.  0.0  2.0  0.6947 -0.3210  0.4442 -0.1985 C  L PHOENIX
 5.00  9200.  0.0  2.0  0.6692 -0.3196  0.5225 -0.2578 C  L PHOENIX
 3.50  9400.  0.0  2.0  0.7289 -0.3129  0.3638 -0.1529 C  L PHOENIX
 4.00  9400.  0.0  2.0  0.7560 -0.3320  0.3705 -0.1543 C  L PHOENIX
 4.50  9400.  0.0  2.0  0.6944 -0.3185  0.4238 -0.1879 C  L PHOENIX
 5.00  9400.  0.0  2.0  0.6816 -0.3231  0.4424 -0.1962 C  L PHOENIX
 3.50  9600.  0.0  2.0  0.7152 -0.3071  0.3624 -0.1538 C  L PHOENIX
 4.00  9600.  0.0  2.0  0.7575 -0.3684  0.4109 -0.1698 C  L PHOENIX
 4.50  9600.  0.0  2.0  0.6909 -0.3096  0.3975 -0.1747 C  L PHOENIX
 5.00  9600.  0.0  2.0  0.6820 -0.3527  0.4727 -0.2045 C  L PHOENIX
 3.50  9800.  0.0  2.0  0.7357 -0.3380  0.3727 -0.1535 C  L PHOENIX
 4.00  9800.  0.0  2.0  0.7661 -0.3942  0.4282 -0.1746 C  L PHOENIX
 4.50  9800.  0.0  2.0  0.7008 -0.3223  0.3905 -0.1682 C  L PHOENIX
 5.00  9800.  0.0  2.0  0.6812 -0.3131  0.3941 -0.1720 C  L PHOENIX
