 3.50  2000.  0.0  2.0  0.8940  0.3632 -0.3577  0.1131 H  L PHOENIX
 4.00  2000.  0.0  2.0  0.8752  0.3330 -0.2880  0.0819 H  L PHOENIX
 4.50  2000.  0.0  2.0  0.7667  0.5342 -0.4308  0.1200 H  L PHOENIX
 5.00  2000.  0.0  2.0  0.7010  0.6533 -0.5304  0.1597 H  L PHOENIX
 3.50  2200.  0.0  2.0  1.2460 -0.2774  0.0536 -0.0087 H  L PHOENIX
 4.00  2200.  0.0  2.0  1.2314 -0.3165  0.1272 -0.0403 H  L PHOENIX
 4.50  2200.  0.0  2.0  1.1008 -0.0515 -0.0866  0.0296 H  L PHOENIX
 5.00  2200.  0.0  2.0  0.9665  0.2541 -0.3707  0.1327 H  L PHOENIX
 3.50  2400.  0.0  2.0  1.6345 -1.1507  0.7358 -0.2209 H  L PHOENIX
 4.00  2400.  0.0  2.0  1.6074 -1.1475  0.7598 -0.2350 H  L PHOENIX
 4.50  2400.  0.0  2.0  1.4856 -0.8833  0.5456 -0.1685 H  L PHOENIX
 5.00  2400.  0.0  2.0  1.3304 -0.5090  0.1966 -0.0448 H  L PHOENIX
 3.50  2600.  0.0  2.0  1.9595 -2.1346  1.6496 -0.5331 H  L PHOENIX
 4.00  2600.  0.0  2.0  1.8997 -1.9776  1.5048 -0.4842 H  L PHOENIX
 4.50  2600.  0.0  2.0  1.7991 -1.7266  1.2699 -0.4050 H  L PHOENIX
 5.00  2600.  0.0  2.0  1.6662 -1.3445  0.8909 -0.2708 H  L PHOENIX
 3.50  2800.  0.0  2.0  1.8704 -2.2164  1.8149 -0.6073 H  L PHOENIX
 4.00  2800.  0.0  2.0  1.9167 -2.2559  1.8066 -0.5951 H  L PHOENIX
 4.50  2800.  0.0  2.0  1.9436 -2.3049  1.8355 -0.6022 H  L PHOENIX
 5.00  2800.  0.0  2.0  1.8622 -1.9980  1.4925 -0.4736 H  L PHOENIX
 3.50  3000.  0.0  2.0  1.6348 -1.7283  1.3923 -0.4735 H  L PHOENIX
 4.00  3000.  0.0  2.0  1.8498 -2.3391  1.9349 -0.6502 H  L PHOENIX
 4.50  3000.  0.0  2.0  1.9246 -2.5233  2.0873 -0.6972 H  L PHOENIX
 5.00  3000.  0.0  2.0  1.9143 -2.3754  1.8924 -0.6185 H  L PHOENIX
 3.50  3200.  0.0  2.0  1.3070 -0.8849  0.6288 -0.2140 H  L PHOENIX
 4.00  3200.  0.0  2.0  1.7248 -1.9803  1.5352 -0.5020 H  L PHOENIX
 4.50  3200.  0.0  2.0  1.8387 -2.3887  1.9440 -0.6443 H  L PHOENIX
 5.00  3200.  0.0  2.0  1.8898 -2.5332  2.0746 -0.6861 H  L PHOENIX
 3.50  3400.  0.0  2.0  0.9795 -0.1654  0.1026 -0.0591 H  L PHOENIX
 4.00  3400.  0.0  2.0  1.5504 -1.4544  0.9726 -0.2847 H  L PHOENIX
 4.50  3400.  0.0  2.0  1.7839 -2.2282  1.7214 -0.5485 H  L PHOENIX
 5.00  3400.  0.0  2.0  1.8405 -2.4876  2.0092 -0.6559 H  L PHOENIX
 3.50  3600.  0.0  2.0  1.1390 -0.4164  0.2011 -0.0560 H  L PHOENIX
 4.00  3600.  0.0  2.0  1.2424 -0.8052  0.5113 -0.1492 H  L PHOENIX
 4.50  3600.  0.0  2.0  1.6825 -2.0303  1.5522 -0.4853 H  L PHOENIX
 5.00  3600.  0.0  2.0  1.8091 -2.5100  2.0387 -0.6627 H  L PHOENIX
 3.50  3800.  0.0  2.0  1.4008 -0.9793  0.6367 -0.1824 H  L PHOENIX
 4.00  3800.  0.0  2.0  1.1667 -0.7417  0.5832 -0.2088 H  L PHOENIX
 4.50  3800.  0.0  2.0  1.3785 -1.3679  1.0534 -0.3349 H  L PHOENIX
 5.00  3800.  0.0  2.0  1.6420 -2.1924  1.7895 -0.5833 H  L PHOENIX
 3.50  4000.  0.0  2.0  1.0502 -0.6251  0.4307 -0.1337 H  L PHOENIX
 4.00  4000.  0.0  2.0  1.1479 -0.8397  0.6759 -0.2330 H  L PHOENIX
 4.50  4000.  0.0  2.0  1.1048 -0.7485  0.5791 -0.2042 H  L PHOENIX
 5.00  4000.  0.0  2.0  1.3762 -1.5684  1.2748 -0.4167 H  L PHOENIX
 3.50  4200.  0.0  2.0  0.8598 -0.1892 -0.0221  0.0310 H  L PHOENIX
 4.00  4200.  0.0  2.0  1.1133 -0.7416  0.5310 -0.1681 H  L PHOENIX
 4.50  4200.  0.0  2.0  1.1992 -0.9214  0.7647 -0.2815 H  L PHOENIX
 5.00  4200.  0.0  2.0  1.1602 -0.9859  0.8017 -0.2798 H  L PHOENIX
 3.50  4400.  0.0  2.0  0.8147 -0.0900 -0.1588  0.0897 H  L PHOENIX
 4.00  4400.  0.0  2.0  1.0918 -0.7027  0.4720 -0.1436 H  L PHOENIX
 4.50  4400.  0.0  2.0  1.0174 -0.6272  0.4964 -0.1859 H  L PHOENIX
 5.00  4400.  0.0  2.0  1.0249 -0.5545  0.3887 -0.1486 H  L PHOENIX
 3.50  4600.  0.0  2.0  0.7678 -0.0782 -0.1371  0.0729 H  L PHOENIX
 4.00  4600.  0.0  2.0  1.1218 -0.8510  0.6641 -0.2306 H  L PHOENIX
 4.50  4600.  0.0  2.0  0.9620 -0.5464  0.4136 -0.1549 H  L PHOENIX
 5.00  4600.  0.0  2.0  0.9847 -0.6191  0.5132 -0.2004 H  L PHOENIX
 3.50  4800.  0.0  2.0  0.7806 -0.2383  0.0876 -0.0249 H  L PHOENIX
 4.00  4800.  0.0  2.0  1.1607 -0.9904  0.8018 -0.2788 H  L PHOENIX
 4.50  4800.  0.0  2.0  0.9591 -0.5898  0.4499 -0.1640 H  L PHOENIX
 5.00  4800.  0.0  2.0  0.9236 -0.5479  0.4488 -0.1760 H  L PHOENIX
 3.50  5000.  0.0  2.0  0.8188 -0.3850  0.2585 -0.0897 H  L PHOENIX
 4.00  5000.  0.0  2.0  1.0123 -0.8068  0.6798 -0.2460 H  L PHOENIX
 4.50  5000.  0.0  2.0  0.8920 -0.5233  0.4040 -0.1498 H  L PHOENIX
 5.00  5000.  0.0  2.0  0.8876 -0.5197  0.4142 -0.1583 H  L PHOENIX
 3.50  5200.  0.0  2.0  0.8037 -0.4237  0.3142 -0.1142 H  L PHOENIX
 4.00  5200.  0.0  2.0  0.9914 -0.8264  0.7095 -0.2569 H  L PHOENIX
 4.50  5200.  0.0  2.0  0.8753 -0.5484  0.4359 -0.1604 H  L PHOENIX
 5.00  5200.  0.0  2.0  0.8657 -0.5221  0.4161 -0.1563 H  L PHOENIX
 3.50  5400.  0.0  2.0  0.7956 -0.4785  0.3808 -0.1386 H  L PHOENIX
 4.00  5400.  0.0  2.0  0.9840 -0.8802  0.7752 -0.2810 H  L PHOENIX
 4.50  5400.  0.0  2.0  0.8725 -0.6120  0.5107 -0.1874 H  L PHOENIX
 5.00  5400.  0.0  2.0  0.8559 -0.5621  0.4633 -0.1724 H  L PHOENIX
 3.50  5600.  0.0  2.0  0.7739 -0.4829  0.3870 -0.1390 H  L PHOENIX
 4.00  5600.  0.0  2.0  0.9628 -0.8809  0.7757 -0.2789 H  L PHOENIX
 4.50  5600.  0.0  2.0  0.8587 -0.6339  0.5345 -0.1941 H  L PHOENIX
 5.00  5600.  0.0  2.0  0.8144 -0.5072  0.4298 -0.1738 H  L PHOENIX
 3.50  5800.  0.0  2.0  0.7469 -0.4688  0.3732 -0.1324 H  L PHOENIX
 4.00  5800.  0.0  2.0  0.9343 -0.8607  0.7554 -0.2698 H  L PHOENIX
 4.50  5800.  0.0  2.0  0.8382 -0.6350  0.5366 -0.1929 H  L PHOENIX
 5.00  5800.  0.0  2.0  0.8011 -0.5382  0.4754 -0.1925 H  L PHOENIX
 3.50  7000.  0.0  2.0  0.6787 -0.5877  0.5237 -0.1872 H  L PHOENIX
 4.00  7000.  0.0  2.0  0.8496 -0.9332  0.8733 -0.3175 H  L PHOENIX
 4.50  7000.  0.0  2.0  0.7492 -0.7175  0.6956 -0.2692 H  L PHOENIX
 5.00  7000.  0.0  2.0  0.7225 -0.6594  0.6539 -0.2603 H  L PHOENIX
 3.50  7200.  0.0  2.0  0.6811 -0.6305  0.5700 -0.2035 H  L PHOENIX
 4.00  7200.  0.0  2.0  0.8443 -0.9570  0.9141 -0.3402 H  L PHOENIX
 4.50  7200.  0.0  2.0  0.7440 -0.7376  0.7140 -0.2737 H  L PHOENIX
 5.00  7200.  0.0  2.0  0.7153 -0.6750  0.6680 -0.2631 H  L PHOENIX
 3.50  7400.  0.0  2.0  0.6620 -0.6349  0.5978 -0.2199 H  L PHOENIX
 4.00  7400.  0.0  2.0  0.8157 -0.9329  0.9079 -0.3425 H  L PHOENIX
 4.50  7400.  0.0  2.0  0.7388 -0.7555  0.7297 -0.2772 H  L PHOENIX
 5.00  7400.  0.0  2.0  0.7082 -0.6891  0.6801 -0.2651 H  L PHOENIX
 3.50  7600.  0.0  2.0  0.6746 -0.7082  0.6793 -0.2500 H  L PHOENIX
 4.00  7600.  0.0  2.0  0.8188 -0.9813  0.9603 -0.3604 H  L PHOENIX
 4.50  7600.  0.0  2.0  0.7335 -0.7713  0.7430 -0.2798 H  L PHOENIX
 5.00  7600.  0.0  2.0  0.7011 -0.7016  0.6903 -0.2666 H  L PHOENIX
 3.50  7800.  0.0  2.0  0.6878 -0.7676  0.7394 -0.2714 H  L PHOENIX
 4.00  7800.  0.0  2.0  0.8219 -1.0184  0.9951 -0.3705 H  L PHOENIX
 4.50  7800.  0.0  2.0  0.7069 -0.7498  0.7408 -0.2841 H  L PHOENIX
 5.00  7800.  0.0  2.0  0.6939 -0.7118  0.6979 -0.2671 H  L PHOENIX
 3.50  8000.  0.0  2.0  0.7015 -0.8167  0.7847 -0.2877 H  L PHOENIX
 4.00  8000.  0.0  2.0  0.8238 -1.0454  1.0161 -0.3750 H  L PHOENIX
 4.50  8000.  0.0  2.0  0.7092 -0.7929  0.7855 -0.2986 H  L PHOENIX
 5.00  8000.  0.0  2.0  0.6748 -0.7047  0.7046 -0.2728 H  L PHOENIX
 3.50  8200.  0.0  2.0  0.7060 -0.8381  0.8033 -0.2957 H  L PHOENIX
 4.00  8200.  0.0  2.0  0.8254 -1.0613  1.0129 -0.3660 H  L PHOENIX
 4.50  8200.  0.0  2.0  0.7103 -0.8218  0.8102 -0.3047 H  L PHOENIX
 5.00  8200.  0.0  2.0  0.6690 -0.7240  0.7271 -0.2803 H  L PHOENIX
 3.50  8400.  0.0  2.0  0.6875 -0.7971  0.7667 -0.2866 H  L PHOENIX
 4.00  8400.  0.0  2.0  0.7799 -0.9409  0.8914 -0.3252 H  L PHOENIX
 4.50  8400.  0.0  2.0  0.7109 -0.8442  0.8251 -0.3066 H  L PHOENIX
 5.00  8400.  0.0  2.0  0.6683 -0.7494  0.7493 -0.2858 H  L PHOENIX
 3.50  8600.  0.0  2.0  0.7040 -0.8712  0.8504 -0.3175 H  L PHOENIX
 4.00  8600.  0.0  2.0  0.7867 -0.9907  0.9413 -0.3439 H  L PHOENIX
 4.50  8600.  0.0  2.0  0.7123 -0.8639  0.8318 -0.3032 H  L PHOENIX
 5.00  8600.  0.0  2.0  0.6676 -0.7715  0.7674 -0.2898 H  L PHOENIX
 3.50  8800.  0.0  2.0  0.7212 -0.9408  0.9264 -0.3454 H  L PHOENIX
 4.00  8800.  0.0  2.0  0.7937 -1.0382  0.9907 -0.3629 H  L PHOENIX
 4.50  8800.  0.0  2.0  0.6819 -0.7852  0.7482 -0.2747 H  L PHOENIX
 5.00  8800.  0.0  2.0  0.6670 -0.7908  0.7799 -0.2910 H  L PHOENIX
 3.50  9000.  0.0  2.0  0.7008 -0.8548  0.8235 -0.3064 H  L PHOENIX
 4.00  9000.  0.0  2.0  0.7910 -1.0540  0.9993 -0.3613 H  L PHOENIX
 4.50  9000.  0.0  2.0  0.6883 -0.8318  0.7823 -0.2843 H  L PHOENIX
 5.00  9000.  0.0  2.0  0.6472 -0.7327  0.6793 -0.2420 H  L PHOENIX
 3.50  9200.  0.0  2.0  0.7218 -0.9292  0.8969 -0.3303 H  L PHOENIX
 4.00  9200.  0.0  2.0  0.7650 -0.9660  0.8963 -0.3222 H  L PHOENIX
 4.50  9200.  0.0  2.0  0.6859 -0.8589  0.8222 -0.3011 H  L PHOENIX
 5.00  9200.  0.0  2.0  0.6463 -0.7578  0.7139 -0.2582 H  L PHOENIX
 3.50  9400.  0.0  2.0  0.8019 -1.1036  1.0520 -0.3805 H  L PHOENIX
 4.00  9400.  0.0  2.0  0.7529 -0.9591  0.8993 -0.3256 H  L PHOENIX
 4.50  9400.  0.0  2.0  0.6780 -0.8626  0.8303 -0.3044 H  L PHOENIX
 5.00  9400.  0.0  2.0  0.6416 -0.7719  0.7329 -0.2677 H  L PHOENIX
 3.50  9600.  0.0  2.0  0.7953 -1.1167  1.0738 -0.3892 H  L PHOENIX
 4.00  9600.  0.0  2.0  0.7488 -0.9787  0.9238 -0.3337 H  L PHOENIX
 4.50  9600.  0.0  2.0  0.6633 -0.8427  0.8094 -0.2957 H  L PHOENIX
 5.00  9600.  0.0  2.0  0.6281 -0.7661  0.7313 -0.2669 H  L PHOENIX
 3.50  9800.  0.0  2.0  0.8118 -1.1490  1.1009 -0.3980 H  L PHOENIX
 4.00  9800.  0.0  2.0  0.7498 -0.9907  0.9346 -0.3365 H  L PHOENIX
 4.50  9800.  0.0  2.0  0.6602 -0.8397  0.8029 -0.2920 H  L PHOENIX
 5.00  9800.  0.0  2.0  0.6232 -0.7660  0.7310 -0.2664 H  L PHOENIX
