 3.50  2000.  0.0  2.0  0.1136  0.5496  0.2039  0.1328 I  L PHOENIX
 4.00  2000.  0.0  2.0  0.1411  0.5849  0.1435  0.1311 I  L PHOENIX
 4.50  2000.  0.0  2.0  0.1620  0.5716  0.1356  0.1323 I  L PHOENIX
 5.00  2000.  0.0  2.0  0.1829  0.5528  0.1365  0.1298 I  L PHOENIX
 3.50  2200.  0.0  2.0  0.1088  0.5020  0.2914  0.0980 I  L PHOENIX
 4.00  2200.  0.0  2.0  0.1356  0.5774  0.1675  0.1201 I  L PHOENIX
 4.50  2200.  0.0  2.0  0.1474  0.5901  0.0998  0.1629 I  L PHOENIX
 5.00  2200.  0.0  2.0  0.1726  0.5552  0.1072  0.1657 I  L PHOENIX
 3.50  2400.  0.0  2.0  0.1592  0.4119  0.5280 -0.0957 I  L PHOENIX
 4.00  2400.  0.0  2.0  0.2141  0.3983  0.4881 -0.0951 I  L PHOENIX
 4.50  2400.  0.0  2.0  0.2373  0.3493  0.4835 -0.0642 I  L PHOENIX
 5.00  2400.  0.0  2.0  0.2603  0.3048  0.4780 -0.0378 I  L PHOENIX
 3.50  2600.  0.0  2.0  0.2407  0.7364  0.1884 -0.1665 I  L PHOENIX
 4.00  2600.  0.0  2.0  0.3037  0.4582  0.5033 -0.2615 I  L PHOENIX
 4.50  2600.  0.0  2.0  0.3511  0.3369  0.6176 -0.3008 I  L PHOENIX
 5.00  2600.  0.0  2.0  0.3765  0.1534  0.8411 -0.3659 I  L PHOENIX
 3.50  2800.  0.0  2.0  0.5679  0.7677 -0.4682  0.1256 I  L PHOENIX
 4.00  2800.  0.0  2.0  0.4604  0.7087 -0.1228 -0.0592 I  L PHOENIX
 4.50  2800.  0.0  2.0  0.4155  0.8317 -0.2245 -0.0378 I  L PHOENIX
 5.00  2800.  0.0  2.0  0.3760  0.7825 -0.0585 -0.1189 I  L PHOENIX
 3.50  3000.  0.0  2.0  0.9105  0.0359  0.0393 -0.0033 I  L PHOENIX
 4.00  3000.  0.0  2.0  0.9178  0.1807 -0.1779  0.0540 I  L PHOENIX
 4.50  3000.  0.0  2.0  0.8201  0.4823 -0.4841  0.1509 I  L PHOENIX
 5.00  3000.  0.0  2.0  0.6046  0.8852 -0.7315  0.2027 I  L PHOENIX
 3.50  3200.  0.0  2.0  0.9114 -0.2098  0.3104 -0.0492 I  L PHOENIX
 4.00  3200.  0.0  2.0  1.0109 -0.1632  0.1517 -0.0507 I  L PHOENIX
 4.50  3200.  0.0  2.0  1.0682 -0.1103 -0.0322  0.0184 I  L PHOENIX
 5.00  3200.  0.0  2.0  1.0405  0.0605 -0.2658  0.1065 I  L PHOENIX
 3.50  3400.  0.0  2.0  0.7446 -0.2128  0.3792  0.0271 I  L PHOENIX
 4.00  3400.  0.0  2.0  0.8215 -0.0695  0.2543 -0.0959 I  L PHOENIX
 4.50  3400.  0.0  2.0  0.9729 -0.0475 -0.0382  0.0131 I  L PHOENIX
 5.00  3400.  0.0  2.0  1.1223 -0.2123 -0.0466  0.0398 I  L PHOENIX
 3.50  3600.  0.0  2.0  0.5940 -0.5016  1.0783 -0.2585 I  L PHOENIX
 4.00  3600.  0.0  2.0  0.6222 -0.0857  0.5001 -0.1616 I  L PHOENIX
 4.50  3600.  0.0  2.0  0.7195  0.2592 -0.1549  0.0234 I  L PHOENIX
 5.00  3600.  0.0  2.0  0.9359  0.0836 -0.2867  0.1130 I  L PHOENIX
 3.50  3800.  0.0  2.0  0.5344 -0.8116  1.8263 -0.6388 I  L PHOENIX
 4.00  3800.  0.0  2.0  0.5596 -0.2883  0.8892 -0.2960 I  L PHOENIX
 4.50  3800.  0.0  2.0  0.6313  0.1218  0.1741 -0.0990 I  L PHOENIX
 5.00  3800.  0.0  2.0  0.8113  0.1974 -0.3069  0.1049 I  L PHOENIX
 3.50  4000.  0.0  2.0  0.5791 -0.2752  0.8425 -0.3521 I  L PHOENIX
 4.00  4000.  0.0  2.0  0.6009 -0.2361  0.7720 -0.2949 I  L PHOENIX
 4.50  4000.  0.0  2.0  0.6503 -0.2913  0.7465 -0.2846 I  L PHOENIX
 5.00  4000.  0.0  2.0  0.7529  0.0288  0.0301 -0.0265 I  L PHOENIX
 3.50  4200.  0.0  2.0  0.6537 -0.5414  1.0724 -0.4272 I  L PHOENIX
 4.00  4200.  0.0  2.0  0.6959 -0.4071  0.9122 -0.3590 I  L PHOENIX
 4.50  4200.  0.0  2.0  0.4689  0.1067  0.4615 -0.2010 I  L PHOENIX
 5.00  4200.  0.0  2.0  0.7083 -0.1707  0.4215 -0.1596 I  L PHOENIX
 3.50  4400.  0.0  2.0  0.6464 -0.5144  1.0414 -0.4288 I  L PHOENIX
 4.00  4400.  0.0  2.0  0.8058 -0.5958  1.0265 -0.3934 I  L PHOENIX
 4.50  4400.  0.0  2.0  0.7503 -0.5902  1.0360 -0.3939 I  L PHOENIX
 5.00  4400.  0.0  2.0  0.6797 -0.4082  0.8843 -0.3457 I  L PHOENIX
 3.50  4600.  0.0  2.0  0.6392 -0.4606  0.9359 -0.3888 I  L PHOENIX
 4.00  4600.  0.0  2.0  0.8084 -0.5441  0.9171 -0.3492 I  L PHOENIX
 4.50  4600.  0.0  2.0  0.8097 -0.7498  1.1720 -0.4445 I  L PHOENIX
 5.00  4600.  0.0  2.0  0.7604 -0.6179  1.0337 -0.3922 I  L PHOENIX
 3.50  4800.  0.0  2.0  0.6213 -0.3616  0.7714 -0.3200 I  L PHOENIX
 4.00  4800.  0.0  2.0  0.8112 -0.4622  0.7758 -0.2963 I  L PHOENIX
 4.50  4800.  0.0  2.0  0.8034 -0.6973  1.0884 -0.4188 I  L PHOENIX
 5.00  4800.  0.0  2.0  0.8020 -0.7408  1.1332 -0.4294 I  L PHOENIX
 3.50  5000.  0.0  2.0  0.7451 -0.6003  0.9448 -0.3662 I  L PHOENIX
 4.00  5000.  0.0  2.0  0.9058 -0.7973  1.0747 -0.3989 I  L PHOENIX
 4.50  5000.  0.0  2.0  0.8161 -0.7485  1.1110 -0.4281 I  L PHOENIX
 5.00  5000.  0.0  2.0  0.7921 -0.7168  1.0912 -0.4206 I  L PHOENIX
 3.50  5200.  0.0  2.0  0.7484 -0.6077  0.9287 -0.3619 I  L PHOENIX
 4.00  5200.  0.0  2.0  0.9120 -0.8094  1.0580 -0.3922 I  L PHOENIX
 4.50  5200.  0.0  2.0  0.8093 -0.7118  1.0418 -0.4029 I  L PHOENIX
 5.00  5200.  0.0  2.0  0.7805 -0.6695  1.0165 -0.3958 I  L PHOENIX
 3.50  5400.  0.0  2.0  0.7427 -0.5836  0.8662 -0.3343 I  L PHOENIX
 4.00  5400.  0.0  2.0  0.9174 -0.8129  1.0243 -0.3758 I  L PHOENIX
 4.50  5400.  0.0  2.0  0.8025 -0.6655  0.9499 -0.3647 I  L PHOENIX
 5.00  5400.  0.0  2.0  0.7728 -0.6243  0.9331 -0.3635 I  L PHOENIX
 3.50  5600.  0.0  2.0  0.7389 -0.5845  0.8493 -0.3279 I  L PHOENIX
 4.00  5600.  0.0  2.0  0.9242 -0.8429  1.0393 -0.3820 I  L PHOENIX
 4.50  5600.  0.0  2.0  0.8033 -0.6585  0.9146 -0.3504 I  L PHOENIX
 5.00  5600.  0.0  2.0  0.7980 -0.7132  1.0444 -0.4220 I  L PHOENIX
 3.50  5800.  0.0  2.0  0.7346 -0.5912  0.8457 -0.3280 I  L PHOENIX
 4.00  5800.  0.0  2.0  0.9267 -0.8709  1.0594 -0.3916 I  L PHOENIX
 4.50  5800.  0.0  2.0  0.8040 -0.6629  0.8988 -0.3445 I  L PHOENIX
 5.00  5800.  0.0  2.0  0.8021 -0.7240  1.0380 -0.4217 I  L PHOENIX
 3.50  7000.  0.0  2.0  0.7526 -0.7674  1.0229 -0.4130 I  L PHOENIX
 4.00  7000.  0.0  2.0  0.9662 -1.1400  1.3581 -0.5260 I  L PHOENIX
 4.50  7000.  0.0  2.0  0.8548 -0.9527  1.2334 -0.5047 I  L PHOENIX
 5.00  7000.  0.0  2.0  0.8312 -0.9167  1.2140 -0.5034 I  L PHOENIX
 3.50  7200.  0.0  2.0  0.7485 -0.7641  1.0186 -0.4159 I  L PHOENIX
 4.00  7200.  0.0  2.0  0.9577 -1.1399  1.3911 -0.5602 I  L PHOENIX
 4.50  7200.  0.0  2.0  0.8495 -0.9523  1.2340 -0.5095 I  L PHOENIX
 5.00  7200.  0.0  2.0  0.8256 -0.9170  1.2142 -0.5071 I  L PHOENIX
 3.50  7400.  0.0  2.0  0.7432 -0.7975  1.0881 -0.4553 I  L PHOENIX
 4.00  7400.  0.0  2.0  0.9536 -1.1847  1.4778 -0.6075 I  L PHOENIX
 4.50  7400.  0.0  2.0  0.8417 -0.9413  1.2216 -0.5089 I  L PHOENIX
 5.00  7400.  0.0  2.0  0.8183 -0.9107  1.2070 -0.5081 I  L PHOENIX
 3.50  7600.  0.0  2.0  0.7401 -0.7851  1.0586 -0.4437 I  L PHOENIX
 4.00  7600.  0.0  2.0  0.9493 -1.1780  1.4606 -0.6023 I  L PHOENIX
 4.50  7600.  0.0  2.0  0.8312 -0.9181  1.1926 -0.5013 I  L PHOENIX
 5.00  7600.  0.0  2.0  0.8086 -0.8947  1.1878 -0.5041 I  L PHOENIX
 3.50  7800.  0.0  2.0  0.7335 -0.7426  0.9836 -0.4115 I  L PHOENIX
 4.00  7800.  0.0  2.0  0.9383 -1.1388  1.3990 -0.5775 I  L PHOENIX
 4.50  7800.  0.0  2.0  0.8181 -0.9261  1.2324 -0.5288 I  L PHOENIX
 5.00  7800.  0.0  2.0  0.7968 -0.8687  1.1551 -0.4944 I  L PHOENIX
 3.50  8000.  0.0  2.0  0.7267 -0.6798  0.8714 -0.3618 I  L PHOENIX
 4.00  8000.  0.0  2.0  0.9267 -1.0907  1.3202 -0.5434 I  L PHOENIX
 4.50  8000.  0.0  2.0  0.8132 -0.9115  1.1984 -0.5140 I  L PHOENIX
 5.00  8000.  0.0  2.0  0.7838 -0.8644  1.1689 -0.5084 I  L PHOENIX
 3.50  8200.  0.0  2.0  0.7139 -0.5969  0.7351 -0.3029 I  L PHOENIX
 4.00  8200.  0.0  2.0  0.9275 -1.0738  1.2566 -0.5041 I  L PHOENIX
 4.50  8200.  0.0  2.0  0.8046 -0.8761  1.1349 -0.4856 I  L PHOENIX
 5.00  8200.  0.0  2.0  0.7726 -0.8396  1.1343 -0.4963 I  L PHOENIX
 3.50  8400.  0.0  2.0  0.6743 -0.4485  0.5512 -0.2346 I  L PHOENIX
 4.00  8400.  0.0  2.0  0.8559 -0.8578  1.0262 -0.4252 I  L PHOENIX
 4.50  8400.  0.0  2.0  0.7990 -0.8436  1.0673 -0.4529 I  L PHOENIX
 5.00  8400.  0.0  2.0  0.7639 -0.8088  1.0794 -0.4721 I  L PHOENIX
 3.50  8600.  0.0  2.0  0.6938 -0.5058  0.5996 -0.2501 I  L PHOENIX
 4.00  8600.  0.0  2.0  0.8631 -0.8502  0.9540 -0.3820 I  L PHOENIX
 4.50  8600.  0.0  2.0  0.8050 -0.8494  1.0370 -0.4294 I  L PHOENIX
 5.00  8600.  0.0  2.0  0.7568 -0.7795  1.0240 -0.4472 I  L PHOENIX
 3.50  8800.  0.0  2.0  0.7133 -0.5572  0.6347 -0.2588 I  L PHOENIX
 4.00  8800.  0.0  2.0  0.8674 -0.8373  0.8802 -0.3392 I  L PHOENIX
 4.50  8800.  0.0  2.0  0.7567 -0.6796  0.8237 -0.3455 I  L PHOENIX
 5.00  8800.  0.0  2.0  0.7544 -0.7611  0.9720 -0.4195 I  L PHOENIX
 3.50  9000.  0.0  2.0  0.6870 -0.4116  0.4375 -0.1785 I  L PHOENIX
 4.00  9000.  0.0  2.0  0.8723 -0.8681  0.9000 -0.3441 I  L PHOENIX
 4.50  9000.  0.0  2.0  0.7683 -0.6743  0.7261 -0.2855 I  L PHOENIX
 5.00  9000.  0.0  2.0  0.7499 -0.7116  0.8339 -0.3383 I  L PHOENIX
 3.50  9200.  0.0  2.0  0.7218 -0.5215  0.5421 -0.2128 I  L PHOENIX
 4.00  9200.  0.0  2.0  0.8415 -0.7346  0.7228 -0.2720 I  L PHOENIX
 4.50  9200.  0.0  2.0  0.7661 -0.6869  0.7386 -0.2910 I  L PHOENIX
 5.00  9200.  0.0  2.0  0.7435 -0.6811  0.7729 -0.3113 I  L PHOENIX
 3.50  9400.  0.0  2.0  0.8342 -0.7692  0.7636 -0.2856 I  L PHOENIX
 4.00  9400.  0.0  2.0  0.8269 -0.7101  0.6941 -0.2610 I  L PHOENIX
 4.50  9400.  0.0  2.0  0.7594 -0.6815  0.7234 -0.2827 I  L PHOENIX
 5.00  9400.  0.0  2.0  0.7325 -0.6350  0.6811 -0.2680 I  L PHOENIX
 3.50  9600.  0.0  2.0  0.8227 -0.7775  0.7821 -0.2941 I  L PHOENIX
 4.00  9600.  0.0  2.0  0.8268 -0.7482  0.7379 -0.2765 I  L PHOENIX
 4.50  9600.  0.0  2.0  0.7462 -0.6575  0.6883 -0.2668 I  L PHOENIX
 5.00  9600.  0.0  2.0  0.7179 -0.6171  0.6516 -0.2513 I  L PHOENIX
 3.50  9800.  0.0  2.0  0.8428 -0.8109  0.8016 -0.2987 I  L PHOENIX
 4.00  9800.  0.0  2.0  0.8322 -0.7707  0.7559 -0.2816 I  L PHOENIX
 4.50  9800.  0.0  2.0  0.7484 -0.6584  0.6765 -0.2595 I  L PHOENIX
 5.00  9800.  0.0  2.0  0.7177 -0.6156  0.6427 -0.2496 I  L PHOENIX
