 3.50  2000.  0.0  2.0  0.4733  1.3951 -1.2936  0.4349 J  L PHOENIX
 4.00  2000.  0.0  2.0  0.5206  1.1774 -1.0195  0.3284 J  L PHOENIX
 4.50  2000.  0.0  2.0  0.4985  1.1467 -0.9357  0.2915 J  L PHOENIX
 5.00  2000.  0.0  2.0  0.4553  1.2089 -0.9720  0.3011 J  L PHOENIX
 3.50  2200.  0.0  2.0  1.0096  0.5135 -0.8280  0.3364 J  L PHOENIX
 4.00  2200.  0.0  2.0  0.9972  0.4398 -0.6858  0.2710 J  L PHOENIX
 4.50  2200.  0.0  2.0  0.8793  0.6289 -0.7962  0.3003 J  L PHOENIX
 5.00  2200.  0.0  2.0  0.7587  0.8516 -0.9701  0.3599 J  L PHOENIX
 3.50  2400.  0.0  2.0  1.6684 -1.0312  0.5167 -0.1154 J  L PHOENIX
 4.00  2400.  0.0  2.0  1.6443 -1.0255  0.5350 -0.1263 J  L PHOENIX
 4.50  2400.  0.0  2.0  1.4805 -0.6644  0.2257 -0.0227 J  L PHOENIX
 5.00  2400.  0.0  2.0  1.2797 -0.2330 -0.1450  0.1049 J  L PHOENIX
 3.50  2600.  0.0  2.0  2.1072 -2.3719  1.8465 -0.5969 J  L PHOENIX
 4.00  2600.  0.0  2.0  2.1046 -2.3285  1.7840 -0.5667 J  L PHOENIX
 4.50  2600.  0.0  2.0  2.0039 -2.0803  1.5476 -0.4827 J  L PHOENIX
 5.00  2600.  0.0  2.0  1.8076 -1.5806  1.0795 -0.3182 J  L PHOENIX
 3.50  2800.  0.0  2.0  2.0266 -2.5187  2.0904 -0.7031 J  L PHOENIX
 4.00  2800.  0.0  2.0  2.1584 -2.7665  2.2816 -0.7569 J  L PHOENIX
 4.50  2800.  0.0  2.0  2.1913 -2.8462  2.3535 -0.7805 J  L PHOENIX
 5.00  2800.  0.0  2.0  2.1088 -2.5700  2.0652 -0.6741 J  L PHOENIX
 3.50  3000.  0.0  2.0  1.8191 -2.2541  1.9558 -0.6803 J  L PHOENIX
 4.00  3000.  0.0  2.0  1.9937 -2.7118  2.3306 -0.7958 J  L PHOENIX
 4.50  3000.  0.0  2.0  2.0772 -2.9174  2.5121 -0.8546 J  L PHOENIX
 5.00  3000.  0.0  2.0  2.1037 -2.8672  2.4218 -0.8132 J  L PHOENIX
 3.50  3200.  0.0  2.0  1.5626 -1.8481  1.7464 -0.6333 J  L PHOENIX
 4.00  3200.  0.0  2.0  1.8135 -2.3926  2.0790 -0.7197 J  L PHOENIX
 4.50  3200.  0.0  2.0  1.9166 -2.6752  2.3109 -0.7900 J  L PHOENIX
 5.00  3200.  0.0  2.0  1.9636 -2.7805  2.3939 -0.8140 J  L PHOENIX
 3.50  3400.  0.0  2.0  1.2632 -1.3875  1.4908 -0.5318 J  L PHOENIX
 4.00  3400.  0.0  2.0  1.5589 -1.8712  1.6722 -0.5923 J  L PHOENIX
 4.50  3400.  0.0  2.0  1.7502 -2.3331  1.9982 -0.6834 J  L PHOENIX
 5.00  3400.  0.0  2.0  1.8298 -2.5516  2.1830 -0.7406 J  L PHOENIX
 3.50  3600.  0.0  2.0  0.9378 -0.5028  0.6101 -0.2164 J  L PHOENIX
 4.00  3600.  0.0  2.0  1.2450 -1.3256  1.3297 -0.4767 J  L PHOENIX
 4.50  3600.  0.0  2.0  1.5123 -1.8118  1.5445 -0.5294 J  L PHOENIX
 5.00  3600.  0.0  2.0  1.6670 -2.2045  1.8513 -0.6228 J  L PHOENIX
 3.50  3800.  0.0  2.0  0.6897  0.2685 -0.1960  0.0626 J  L PHOENIX
 4.00  3800.  0.0  2.0  0.9336 -0.6713  0.7853 -0.2781 J  L PHOENIX
 4.50  3800.  0.0  2.0  1.1694 -1.1262  1.0264 -0.3569 J  L PHOENIX
 5.00  3800.  0.0  2.0  1.4169 -1.6347  1.3292 -0.4402 J  L PHOENIX
 3.50  4000.  0.0  2.0  0.5009  0.1992  0.0182 -0.0420 J  L PHOENIX
 4.00  4000.  0.0  2.0  0.7591 -0.3342  0.4795 -0.1820 J  L PHOENIX
 4.50  4000.  0.0  2.0  0.7943 -0.4550  0.5910 -0.2270 J  L PHOENIX
 5.00  4000.  0.0  2.0  1.0544 -0.8633  0.6955 -0.2277 J  L PHOENIX
 3.50  4200.  0.0  2.0  0.4779  0.0953  0.2001 -0.1290 J  L PHOENIX
 4.00  4200.  0.0  2.0  0.6848 -0.2101  0.4275 -0.1909 J  L PHOENIX
 4.50  4200.  0.0  2.0  0.6572 -0.0372  0.2170 -0.1054 J  L PHOENIX
 5.00  4200.  0.0  2.0  0.8275 -0.4835  0.5405 -0.2030 J  L PHOENIX
 3.50  4400.  0.0  2.0  0.4694  0.1381  0.1302 -0.1063 J  L PHOENIX
 4.00  4400.  0.0  2.0  0.7321 -0.3047  0.5125 -0.2256 J  L PHOENIX
 4.50  4400.  0.0  2.0  0.6456 -0.2195  0.4733 -0.2175 J  L PHOENIX
 5.00  4400.  0.0  2.0  0.6426 -0.1728  0.4395 -0.2151 J  L PHOENIX
 3.50  4600.  0.0  2.0  0.4820  0.1016  0.1311 -0.1023 J  L PHOENIX
 4.00  4600.  0.0  2.0  0.7728 -0.3577  0.5259 -0.2269 J  L PHOENIX
 4.50  4600.  0.0  2.0  0.6815 -0.3385  0.5932 -0.2660 J  L PHOENIX
 5.00  4600.  0.0  2.0  0.6597 -0.2735  0.5226 -0.2386 J  L PHOENIX
 3.50  4800.  0.0  2.0  0.5067  0.0426  0.1528 -0.1023 J  L PHOENIX
 4.00  4800.  0.0  2.0  0.8247 -0.4161  0.5220 -0.2162 J  L PHOENIX
 4.50  4800.  0.0  2.0  0.6944 -0.3408  0.5540 -0.2478 J  L PHOENIX
 5.00  4800.  0.0  2.0  0.6847 -0.3799  0.6255 -0.2788 J  L PHOENIX
 3.50  5000.  0.0  2.0  0.6200 -0.2442  0.4223 -0.1916 J  L PHOENIX
 4.00  5000.  0.0  2.0  0.8361 -0.6256  0.7600 -0.3065 J  L PHOENIX
 4.50  5000.  0.0  2.0  0.6942 -0.3882  0.5848 -0.2573 J  L PHOENIX
 5.00  5000.  0.0  2.0  0.6737 -0.3566  0.5708 -0.2560 J  L PHOENIX
 3.50  5200.  0.0  2.0  0.6290 -0.2809  0.4397 -0.1969 J  L PHOENIX
 4.00  5200.  0.0  2.0  0.8411 -0.6566  0.7689 -0.3064 J  L PHOENIX
 4.50  5200.  0.0  2.0  0.6996 -0.3988  0.5631 -0.2445 J  L PHOENIX
 5.00  5200.  0.0  2.0  0.6734 -0.3467  0.5254 -0.2345 J  L PHOENIX
 3.50  5400.  0.0  2.0  0.6361 -0.3054  0.4335 -0.1881 J  L PHOENIX
 4.00  5400.  0.0  2.0  0.8509 -0.6937  0.7781 -0.3037 J  L PHOENIX
 4.50  5400.  0.0  2.0  0.7120 -0.4254  0.5520 -0.2325 J  L PHOENIX
 5.00  5400.  0.0  2.0  0.6822 -0.3621  0.5042 -0.2198 J  L PHOENIX
 3.50  5600.  0.0  2.0  0.6373 -0.3220  0.4289 -0.1825 J  L PHOENIX
 4.00  5600.  0.0  2.0  0.8521 -0.7146  0.7803 -0.3013 J  L PHOENIX
 4.50  5600.  0.0  2.0  0.7200 -0.4502  0.5494 -0.2261 J  L PHOENIX
 5.00  5600.  0.0  2.0  0.6990 -0.4330  0.5921 -0.2663 J  L PHOENIX
 3.50  5800.  0.0  2.0  0.6354 -0.3367  0.4283 -0.1798 J  L PHOENIX
 4.00  5800.  0.0  2.0  0.8488 -0.7294  0.7820 -0.2998 J  L PHOENIX
 4.50  5800.  0.0  2.0  0.7239 -0.4735  0.5529 -0.2235 J  L PHOENIX
 5.00  5800.  0.0  2.0  0.7079 -0.4706  0.6142 -0.2723 J  L PHOENIX
 3.50  7000.  0.0  2.0  0.6568 -0.5380  0.5850 -0.2290 J  L PHOENIX
 4.00  7000.  0.0  2.0  0.8569 -0.9243  0.9666 -0.3685 J  L PHOENIX
 4.50  7000.  0.0  2.0  0.7442 -0.7104  0.8098 -0.3330 J  L PHOENIX
 5.00  7000.  0.0  2.0  0.7184 -0.6635  0.7838 -0.3308 J  L PHOENIX
 3.50  7200.  0.0  2.0  0.6648 -0.5744  0.6123 -0.2369 J  L PHOENIX
 4.00  7200.  0.0  2.0  0.8556 -0.9441  1.0001 -0.3910 J  L PHOENIX
 4.50  7200.  0.0  2.0  0.7433 -0.7242  0.8142 -0.3326 J  L PHOENIX
 5.00  7200.  0.0  2.0  0.7151 -0.6729  0.7847 -0.3291 J  L PHOENIX
 3.50  7400.  0.0  2.0  0.6611 -0.6120  0.6714 -0.2651 J  L PHOENIX
 4.00  7400.  0.0  2.0  0.8440 -0.9618  1.0385 -0.4115 J  L PHOENIX
 4.50  7400.  0.0  2.0  0.7424 -0.7369  0.8165 -0.3309 J  L PHOENIX
 5.00  7400.  0.0  2.0  0.7122 -0.6826  0.7857 -0.3272 J  L PHOENIX
 3.50  7600.  0.0  2.0  0.6772 -0.6746  0.7269 -0.2828 J  L PHOENIX
 4.00  7600.  0.0  2.0  0.8518 -1.0053  1.0738 -0.4214 J  L PHOENIX
 4.50  7600.  0.0  2.0  0.7417 -0.7493  0.8179 -0.3286 J  L PHOENIX
 5.00  7600.  0.0  2.0  0.7092 -0.6910  0.7845 -0.3243 J  L PHOENIX
 3.50  7800.  0.0  2.0  0.6917 -0.7196  0.7589 -0.2914 J  L PHOENIX
 4.00  7800.  0.0  2.0  0.8567 -1.0314  1.0854 -0.4210 J  L PHOENIX
 4.50  7800.  0.0  2.0  0.7275 -0.7557  0.8434 -0.3440 J  L PHOENIX
 5.00  7800.  0.0  2.0  0.7061 -0.6981  0.7815 -0.3204 J  L PHOENIX
 3.50  8000.  0.0  2.0  0.7048 -0.7493  0.7702 -0.2925 J  L PHOENIX
 4.00  8000.  0.0  2.0  0.8601 -1.0488  1.0852 -0.4155 J  L PHOENIX
 4.50  8000.  0.0  2.0  0.7342 -0.7948  0.8720 -0.3503 J  L PHOENIX
 5.00  8000.  0.0  2.0  0.6953 -0.7053  0.7993 -0.3303 J  L PHOENIX
 3.50  8200.  0.0  2.0  0.7094 -0.7564  0.7627 -0.2891 J  L PHOENIX
 4.00  8200.  0.0  2.0  0.8639 -1.0589  1.0621 -0.3947 J  L PHOENIX
 4.50  8200.  0.0  2.0  0.7373 -0.8157  0.8770 -0.3467 J  L PHOENIX
 5.00  8200.  0.0  2.0  0.6932 -0.7225  0.8110 -0.3325 J  L PHOENIX
 3.50  8400.  0.0  2.0  0.6885 -0.6985  0.7023 -0.2711 J  L PHOENIX
 4.00  8400.  0.0  2.0  0.8127 -0.9185  0.9176 -0.3459 J  L PHOENIX
 4.50  8400.  0.0  2.0  0.7404 -0.8333  0.8761 -0.3402 J  L PHOENIX
 5.00  8400.  0.0  2.0  0.6951 -0.7434  0.8190 -0.3308 J  L PHOENIX
 3.50  8600.  0.0  2.0  0.7080 -0.7755  0.7837 -0.2997 J  L PHOENIX
 4.00  8600.  0.0  2.0  0.8218 -0.9622  0.9458 -0.3528 J  L PHOENIX
 4.50  8600.  0.0  2.0  0.7449 -0.8531  0.8720 -0.3291 J  L PHOENIX
 5.00  8600.  0.0  2.0  0.6961 -0.7603  0.8229 -0.3275 J  L PHOENIX
 3.50  8800.  0.0  2.0  0.7275 -0.8475  0.8584 -0.3265 J  L PHOENIX
 4.00  8800.  0.0  2.0  0.8294 -1.0026  0.9762 -0.3625 J  L PHOENIX
 4.50  8800.  0.0  2.0  0.7099 -0.7515  0.7550 -0.2863 J  L PHOENIX
 5.00  8800.  0.0  2.0  0.6981 -0.7790  0.8259 -0.3228 J  L PHOENIX
 3.50  9000.  0.0  2.0  0.7023 -0.7361  0.7212 -0.2736 J  L PHOENIX
 4.00  9000.  0.0  2.0  0.8281 -1.0249  0.9904 -0.3627 J  L PHOENIX
 4.50  9000.  0.0  2.0  0.7192 -0.7945  0.7695 -0.2852 J  L PHOENIX
 5.00  9000.  0.0  2.0  0.6798 -0.7120  0.6951 -0.2547 J  L PHOENIX
 3.50  9200.  0.0  2.0  0.7277 -0.8227  0.8057 -0.3010 J  L PHOENIX
 4.00  9200.  0.0  2.0  0.7984 -0.9184  0.8617 -0.3129 J  L PHOENIX
 4.50  9200.  0.0  2.0  0.7176 -0.8237  0.8108 -0.3027 J  L PHOENIX
 5.00  9200.  0.0  2.0  0.6788 -0.7303  0.7162 -0.2652 J  L PHOENIX
 3.50  9400.  0.0  2.0  0.8233 -1.0314  0.9915 -0.3613 J  L PHOENIX
 4.00  9400.  0.0  2.0  0.7839 -0.9048  0.8559 -0.3128 J  L PHOENIX
 4.50  9400.  0.0  2.0  0.7087 -0.8238  0.8124 -0.3029 J  L PHOENIX
 5.00  9400.  0.0  2.0  0.6729 -0.7353  0.7182 -0.2675 J  L PHOENIX
 3.50  9600.  0.0  2.0  0.8145 -1.0424  1.0128 -0.3703 J  L PHOENIX
 4.00  9600.  0.0  2.0  0.7801 -0.9294  0.8864 -0.3231 J  L PHOENIX
 4.50  9600.  0.0  2.0  0.6932 -0.8013  0.7872 -0.2923 J  L PHOENIX
 5.00  9600.  0.0  2.0  0.6584 -0.7273  0.7124 -0.2645 J  L PHOENIX
 3.50  9800.  0.0  2.0  0.8332 -1.0774  1.0401 -0.3788 J  L PHOENIX
 4.00  9800.  0.0  2.0  0.7823 -0.9446  0.9000 -0.3269 J  L PHOENIX
 4.50  9800.  0.0  2.0  0.6904 -0.7969  0.7768 -0.2867 J  L PHOENIX
 5.00  9800.  0.0  2.0  0.6543 -0.7282  0.7124 -0.2645 J  L PHOENIX
