 3.50  2000.  0.0  2.0  1.3091 -0.4301  0.1209 -0.0190 K  L PHOENIX
 4.00  2000.  0.0  2.0  1.2542 -0.4100  0.1568 -0.0417 K  L PHOENIX
 4.50  2000.  0.0  2.0  1.2424 -0.5770  0.4456 -0.1670 K  L PHOENIX
 5.00  2000.  0.0  2.0  1.3528 -1.0814  1.0607 -0.3965 K  L PHOENIX
 3.50  2200.  0.0  2.0  1.6456 -1.1908  0.7259 -0.2078 K  L PHOENIX
 4.00  2200.  0.0  2.0  1.5944 -1.1537  0.7198 -0.2098 K  L PHOENIX
 4.50  2200.  0.0  2.0  1.4442 -0.8719  0.5073 -0.1464 K  L PHOENIX
 5.00  2200.  0.0  2.0  1.3790 -0.9409  0.7333 -0.2568 K  L PHOENIX
 3.50  2400.  0.0  2.0  1.9335 -1.9999  1.4690 -0.4617 K  L PHOENIX
 4.00  2400.  0.0  2.0  1.8976 -1.9836  1.4703 -0.4643 K  L PHOENIX
 4.50  2400.  0.0  2.0  1.7809 -1.7104  1.2155 -0.3745 K  L PHOENIX
 5.00  2400.  0.0  2.0  1.5893 -1.3313  0.9166 -0.2819 K  L PHOENIX
 3.50  2600.  0.0  2.0  2.0765 -2.6542  2.1456 -0.7063 K  L PHOENIX
 4.00  2600.  0.0  2.0  2.0459 -2.5478  2.0246 -0.6590 K  L PHOENIX
 4.50  2600.  0.0  2.0  1.9835 -2.4040  1.8844 -0.6080 K  L PHOENIX
 5.00  2600.  0.0  2.0  1.8346 -2.0211  1.5195 -0.4793 K  L PHOENIX
 3.50  2800.  0.0  2.0  1.8810 -2.4580  2.0275 -0.6771 K  L PHOENIX
 4.00  2800.  0.0  2.0  1.9569 -2.5806  2.1019 -0.6923 K  L PHOENIX
 4.50  2800.  0.0  2.0  2.0001 -2.6989  2.2100 -0.7277 K  L PHOENIX
 5.00  2800.  0.0  2.0  1.9600 -2.5531  2.0543 -0.6692 K  L PHOENIX
 3.50  3000.  0.0  2.0  1.6814 -2.0144  1.6020 -0.5287 K  L PHOENIX
 4.00  3000.  0.0  2.0  1.8345 -2.5497  2.1316 -0.7127 K  L PHOENIX
 4.50  3000.  0.0  2.0  1.8971 -2.7430  2.3209 -0.7778 K  L PHOENIX
 5.00  3000.  0.0  2.0  1.9218 -2.7227  2.2755 -0.7561 K  L PHOENIX
 3.50  3200.  0.0  2.0  1.4806 -1.4689  1.0995 -0.3550 K  L PHOENIX
 4.00  3200.  0.0  2.0  1.7549 -2.3562  1.9250 -0.6366 K  L PHOENIX
 4.50  3200.  0.0  2.0  1.8033 -2.6258  2.2249 -0.7467 K  L PHOENIX
 5.00  3200.  0.0  2.0  1.8219 -2.7140  2.3230 -0.7827 K  L PHOENIX
 3.50  3400.  0.0  2.0  1.2384 -0.9289  0.7107 -0.2404 K  L PHOENIX
 4.00  3400.  0.0  2.0  1.6158 -1.9633  1.5192 -0.4825 K  L PHOENIX
 4.50  3400.  0.0  2.0  1.7173 -2.4424  2.0280 -0.6720 K  L PHOENIX
 5.00  3400.  0.0  2.0  1.7179 -2.5543  2.1776 -0.7329 K  L PHOENIX
 3.50  3600.  0.0  2.0  1.3853 -1.2366  0.9298 -0.2897 K  L PHOENIX
 4.00  3600.  0.0  2.0  1.3394 -1.3572  1.0637 -0.3426 K  L PHOENIX
 4.50  3600.  0.0  2.0  1.5727 -2.1289  1.7407 -0.5683 K  L PHOENIX
 5.00  3600.  0.0  2.0  1.6087 -2.3582  1.9855 -0.6615 K  L PHOENIX
 3.50  3800.  0.0  2.0  1.5844 -1.6966  1.3050 -0.4010 K  L PHOENIX
 4.00  3800.  0.0  2.0  1.2415 -1.2111  1.0361 -0.3585 K  L PHOENIX
 4.50  3800.  0.0  2.0  1.3199 -1.5427  1.2722 -0.4203 K  L PHOENIX
 5.00  3800.  0.0  2.0  1.4721 -2.0816  1.7532 -0.5840 K  L PHOENIX
 3.50  4000.  0.0  2.0  1.0389 -0.8091  0.5691 -0.1689 K  L PHOENIX
 4.00  4000.  0.0  2.0  1.1214 -1.0167  0.8233 -0.2724 K  L PHOENIX
 4.50  4000.  0.0  2.0  1.0796 -0.9669  0.8074 -0.2811 K  L PHOENIX
 5.00  4000.  0.0  2.0  1.2471 -1.5262  1.2748 -0.4251 K  L PHOENIX
 3.50  4200.  0.0  2.0  0.8336 -0.3551  0.1323 -0.0209 K  L PHOENIX
 4.00  4200.  0.0  2.0  1.0611 -0.8421  0.6077 -0.1866 K  L PHOENIX
 4.50  4200.  0.0  2.0  1.1706 -1.1201  0.9541 -0.3351 K  L PHOENIX
 5.00  4200.  0.0  2.0  1.0764 -1.0405  0.8702 -0.3023 K  L PHOENIX
 3.50  4400.  0.0  2.0  0.7665 -0.2101 -0.0288  0.0390 K  L PHOENIX
 4.00  4400.  0.0  2.0  1.0338 -0.8033  0.5754 -0.1796 K  L PHOENIX
 4.50  4400.  0.0  2.0  0.9542 -0.7015  0.5486 -0.1898 K  L PHOENIX
 5.00  4400.  0.0  2.0  0.9614 -0.6628  0.5050 -0.1814 K  L PHOENIX
 3.50  4600.  0.0  2.0  0.7222 -0.1995 -0.0032  0.0204 K  L PHOENIX
 4.00  4600.  0.0  2.0  1.0552 -0.9195  0.7218 -0.2412 K  L PHOENIX
 4.50  4600.  0.0  2.0  0.8892 -0.5882  0.4326 -0.1466 K  L PHOENIX
 5.00  4600.  0.0  2.0  0.9026 -0.6224  0.4767 -0.1656 K  L PHOENIX
 3.50  4800.  0.0  2.0  0.7226 -0.3043  0.1362 -0.0330 K  L PHOENIX
 4.00  4800.  0.0  2.0  1.0832 -1.0151  0.8059 -0.2674 K  L PHOENIX
 4.50  4800.  0.0  2.0  0.8742 -0.5868  0.4163 -0.1351 K  L PHOENIX
 5.00  4800.  0.0  2.0  0.8375 -0.5340  0.3945 -0.1351 K  L PHOENIX
 3.50  5000.  0.0  2.0  0.7640 -0.4590  0.3177 -0.1034 K  L PHOENIX
 4.00  5000.  0.0  2.0  0.9385 -0.8281  0.6760 -0.2314 K  L PHOENIX
 4.50  5000.  0.0  2.0  0.8104 -0.5217  0.3705 -0.1211 K  L PHOENIX
 5.00  5000.  0.0  2.0  0.7965 -0.4875  0.3413 -0.1118 K  L PHOENIX
 3.50  5200.  0.0  2.0  0.7314 -0.4484  0.3229 -0.1081 K  L PHOENIX
 4.00  5200.  0.0  2.0  0.9110 -0.8281  0.6887 -0.2373 K  L PHOENIX
 4.50  5200.  0.0  2.0  0.7880 -0.5264  0.3831 -0.1260 K  L PHOENIX
 5.00  5200.  0.0  2.0  0.7736 -0.4845  0.3404 -0.1103 K  L PHOENIX
 3.50  5400.  0.0  2.0  0.7050 -0.4393  0.3172 -0.1048 K  L PHOENIX
 4.00  5400.  0.0  2.0  0.8890 -0.8309  0.6963 -0.2391 K  L PHOENIX
 4.50  5400.  0.0  2.0  0.7779 -0.5610  0.4244 -0.1401 K  L PHOENIX
 5.00  5400.  0.0  2.0  0.7608 -0.5108  0.3734 -0.1217 K  L PHOENIX
 3.50  5600.  0.0  2.0  0.6755 -0.4126  0.2893 -0.0932 K  L PHOENIX
 4.00  5600.  0.0  2.0  0.8588 -0.7975  0.6603 -0.2242 K  L PHOENIX
 4.50  5600.  0.0  2.0  0.7581 -0.5600  0.4257 -0.1398 K  L PHOENIX
 5.00  5600.  0.0  2.0  0.7496 -0.5656  0.4795 -0.1774 K  L PHOENIX
 3.50  5800.  0.0  2.0  0.6493 -0.3981  0.2799 -0.0902 K  L PHOENIX
 4.00  5800.  0.0  2.0  0.8328 -0.7775  0.6423 -0.2174 K  L PHOENIX
 4.50  5800.  0.0  2.0  0.7373 -0.5558  0.4258 -0.1397 K  L PHOENIX
 5.00  5800.  0.0  2.0  0.7356 -0.5868  0.5113 -0.1897 K  L PHOENIX
 3.50  7000.  0.0  2.0  0.6077 -0.5924  0.5287 -0.1877 K  L PHOENIX
 4.00  7000.  0.0  2.0  0.7729 -0.8975  0.8099 -0.2836 K  L PHOENIX
 4.50  7000.  0.0  2.0  0.6745 -0.6933  0.6371 -0.2293 K  L PHOENIX
 5.00  7000.  0.0  2.0  0.6512 -0.6448  0.6033 -0.2209 K  L PHOENIX
 3.50  7200.  0.0  2.0  0.6121 -0.6387  0.5786 -0.2055 K  L PHOENIX
 4.00  7200.  0.0  2.0  0.7701 -0.9266  0.8484 -0.2996 K  L PHOENIX
 4.50  7200.  0.0  2.0  0.6674 -0.7050  0.6471 -0.2315 K  L PHOENIX
 5.00  7200.  0.0  2.0  0.6412 -0.6486  0.6049 -0.2198 K  L PHOENIX
 3.50  7400.  0.0  2.0  0.6198 -0.7234  0.6964 -0.2557 K  L PHOENIX
 4.00  7400.  0.0  2.0  0.7646 -0.9744  0.9260 -0.3347 K  L PHOENIX
 4.50  7400.  0.0  2.0  0.6612 -0.7183  0.6594 -0.2347 K  L PHOENIX
 5.00  7400.  0.0  2.0  0.6329 -0.6566  0.6115 -0.2208 K  L PHOENIX
 3.50  7600.  0.0  2.0  0.6350 -0.7963  0.7725 -0.2824 K  L PHOENIX
 4.00  7600.  0.0  2.0  0.7697 -1.0216  0.9743 -0.3508 K  L PHOENIX
 4.50  7600.  0.0  2.0  0.6558 -0.7326  0.6733 -0.2388 K  L PHOENIX
 5.00  7600.  0.0  2.0  0.6255 -0.6663  0.6206 -0.2231 K  L PHOENIX
 3.50  7800.  0.0  2.0  0.6490 -0.8546  0.8312 -0.3030 K  L PHOENIX
 4.00  7800.  0.0  2.0  0.7719 -1.0512  1.0009 -0.3586 K  L PHOENIX
 4.50  7800.  0.0  2.0  0.6550 -0.7902  0.7619 -0.2782 K  L PHOENIX
 5.00  7800.  0.0  2.0  0.6189 -0.6770  0.6311 -0.2261 K  L PHOENIX
 3.50  8000.  0.0  2.0  0.6620 -0.9023  0.8779 -0.3198 K  L PHOENIX
 4.00  8000.  0.0  2.0  0.7721 -1.0705  1.0159 -0.3624 K  L PHOENIX
 4.50  8000.  0.0  2.0  0.6584 -0.8300  0.8013 -0.2910 K  L PHOENIX
 5.00  8000.  0.0  2.0  0.6182 -0.7246  0.7002 -0.2559 K  L PHOENIX
 3.50  8200.  0.0  2.0  0.6721 -0.9453  0.9263 -0.3394 K  L PHOENIX
 4.00  8200.  0.0  2.0  0.7719 -1.0825  1.0201 -0.3619 K  L PHOENIX
 4.50  8200.  0.0  2.0  0.6588 -0.8537  0.8221 -0.2970 K  L PHOENIX
 5.00  8200.  0.0  2.0  0.6184 -0.7585  0.7394 -0.2705 K  L PHOENIX
 3.50  8400.  0.0  2.0  0.6747 -0.9793  0.9821 -0.3663 K  L PHOENIX
 4.00  8400.  0.0  2.0  0.7505 -1.0557  1.0195 -0.3704 K  L PHOENIX
 4.50  8400.  0.0  2.0  0.6590 -0.8733  0.8384 -0.3017 K  L PHOENIX
 5.00  8400.  0.0  2.0  0.6175 -0.7796  0.7581 -0.2758 K  L PHOENIX
 3.50  8600.  0.0  2.0  0.6932 -1.0485  1.0539 -0.3915 K  L PHOENIX
 4.00  8600.  0.0  2.0  0.7630 -1.1170  1.0837 -0.3942 K  L PHOENIX
 4.50  8600.  0.0  2.0  0.6598 -0.8908  0.8508 -0.3047 K  L PHOENIX
 5.00  8600.  0.0  2.0  0.6169 -0.7990  0.7754 -0.2809 K  L PHOENIX
 3.50  8800.  0.0  2.0  0.7089 -1.1040  1.1088 -0.4102 K  L PHOENIX
 4.00  8800.  0.0  2.0  0.7712 -1.1617  1.1284 -0.4103 K  L PHOENIX
 4.50  8800.  0.0  2.0  0.6516 -0.8954  0.8758 -0.3209 K  L PHOENIX
 5.00  8800.  0.0  2.0  0.6164 -0.8168  0.7904 -0.2853 K  L PHOENIX
 3.50  9000.  0.0  2.0  0.6976 -1.0687  1.0818 -0.4049 K  L PHOENIX
 4.00  9000.  0.0  2.0  0.7499 -1.1176  1.0713 -0.3853 K  L PHOENIX
 4.50  9000.  0.0  2.0  0.6469 -0.9046  0.8727 -0.3169 K  L PHOENIX
 5.00  9000.  0.0  2.0  0.5978 -0.7804  0.7452 -0.2690 K  L PHOENIX
 3.50  9200.  0.0  2.0  0.7052 -1.0931  1.0949 -0.4056 K  L PHOENIX
 4.00  9200.  0.0  2.0  0.7314 -1.0716  1.0327 -0.3752 K  L PHOENIX
 4.50  9200.  0.0  2.0  0.6533 -0.9490  0.9257 -0.3372 K  L PHOENIX
 5.00  9200.  0.0  2.0  0.6068 -0.8300  0.8038 -0.2922 K  L PHOENIX
 3.50  9400.  0.0  2.0  0.7656 -1.1918  1.1599 -0.4209 K  L PHOENIX
 4.00  9400.  0.0  2.0  0.7273 -1.0859  1.0572 -0.3860 K  L PHOENIX
 4.50  9400.  0.0  2.0  0.6480 -0.9563  0.9365 -0.3414 K  L PHOENIX
 5.00  9400.  0.0  2.0  0.6076 -0.8570  0.8358 -0.3051 K  L PHOENIX
 3.50  9600.  0.0  2.0  0.7555 -1.1905  1.1625 -0.4217 K  L PHOENIX
 4.00  9600.  0.0  2.0  0.7136 -1.0689  1.0360 -0.3760 K  L PHOENIX
 4.50  9600.  0.0  2.0  0.6282 -0.9207  0.8996 -0.3273 K  L PHOENIX
 5.00  9600.  0.0  2.0  0.5924 -0.8408  0.8203 -0.2988 K  L PHOENIX
 3.50  9800.  0.0  2.0  0.7687 -1.2130  1.1798 -0.4271 K  L PHOENIX
 4.00  9800.  0.0  2.0  0.7067 -1.0545  1.0164 -0.3672 K  L PHOENIX
 4.50  9800.  0.0  2.0  0.6205 -0.9044  0.8802 -0.3194 K  L PHOENIX
 5.00  9800.  0.0  2.0  0.5841 -0.8287  0.8064 -0.2930 K  L PHOENIX
