 3.50  2000.  0.0  2.0 -0.0105  0.5419 -0.2984  0.7625 Kp L PHOENIX
 4.00  2000.  0.0  2.0  0.0275  0.4465 -0.0146  0.5385 Kp L PHOENIX
 4.50  2000.  0.0  2.0  0.0403  0.4289  0.1055  0.4235 Kp L PHOENIX
 5.00  2000.  0.0  2.0  0.0499  0.4432  0.1487  0.3563 Kp L PHOENIX
 3.50  2200.  0.0  2.0  0.0731  0.1443  0.3619  0.4230 Kp L PHOENIX
 4.00  2200.  0.0  2.0  0.0840  0.1761  0.4964  0.2458 Kp L PHOENIX
 4.50  2200.  0.0  2.0  0.0625  0.3183  0.3613  0.2580 Kp L PHOENIX
 5.00  2200.  0.0  2.0  0.0582  0.4070  0.2996  0.2340 Kp L PHOENIX
 3.50  2400.  0.0  2.0  0.1146 -0.0333  1.0198 -0.0963 Kp L PHOENIX
 4.00  2400.  0.0  2.0  0.1176  0.1053  0.9095 -0.1282 Kp L PHOENIX
 4.50  2400.  0.0  2.0  0.1163  0.2115  0.7394 -0.0634 Kp L PHOENIX
 5.00  2400.  0.0  2.0  0.1076  0.3780  0.4880  0.0284 Kp L PHOENIX
 3.50  2600.  0.0  2.0  0.0715  0.7022  0.3933 -0.1697 Kp L PHOENIX
 4.00  2600.  0.0  2.0  0.1313  0.4945  0.5815 -0.2057 Kp L PHOENIX
 4.50  2600.  0.0  2.0  0.1724  0.4770  0.5347 -0.1806 Kp L PHOENIX
 5.00  2600.  0.0  2.0  0.2188  0.3849  0.5633 -0.1614 Kp L PHOENIX
 3.50  2800.  0.0  2.0  0.3506  0.9333 -0.3777  0.0920 Kp L PHOENIX
 4.00  2800.  0.0  2.0  0.3607  0.5972  0.1463 -0.1058 Kp L PHOENIX
 4.50  2800.  0.0  2.0  0.3403  0.6181  0.1601 -0.1214 Kp L PHOENIX
 5.00  2800.  0.0  2.0  0.3862  0.3890  0.4294 -0.2060 Kp L PHOENIX
 3.50  3000.  0.0  2.0  0.6599  0.4526 -0.1935  0.0715 Kp L PHOENIX
 4.00  3000.  0.0  2.0  0.6608  0.4891 -0.2220  0.0557 Kp L PHOENIX
 4.50  3000.  0.0  2.0  0.6014  0.5757 -0.2399  0.0413 Kp L PHOENIX
 5.00  3000.  0.0  2.0  0.5318  0.4998  0.0163 -0.0729 Kp L PHOENIX
 3.50  3200.  0.0  2.0  0.7093  0.2470 -0.1008  0.1145 Kp L PHOENIX
 4.00  3200.  0.0  2.0  0.7660  0.1838  0.0073  0.0022 Kp L PHOENIX
 4.50  3200.  0.0  2.0  0.7716  0.2526 -0.0783  0.0080 Kp L PHOENIX
 5.00  3200.  0.0  2.0  0.7268  0.3680 -0.1710  0.0246 Kp L PHOENIX
 3.50  3400.  0.0  2.0  0.5929  0.3394 -0.4251  0.4296 Kp L PHOENIX
 4.00  3400.  0.0  2.0  0.6887  0.0129  0.2500 -0.0305 Kp L PHOENIX
 4.50  3400.  0.0  2.0  0.7063  0.1949  0.0407 -0.0316 Kp L PHOENIX
 5.00  3400.  0.0  2.0  0.7275  0.3314 -0.1915  0.0402 Kp L PHOENIX
 3.50  3600.  0.0  2.0  0.5579 -0.0010 -0.2669  0.6213 Kp L PHOENIX
 4.00  3600.  0.0  2.0  0.6668 -0.3956  0.6639 -0.0421 Kp L PHOENIX
 4.50  3600.  0.0  2.0  0.6157 -0.0466  0.5171 -0.2180 Kp L PHOENIX
 5.00  3600.  0.0  2.0  0.5881  0.4339 -0.1791  0.0136 Kp L PHOENIX
 3.50  3800.  0.0  2.0  0.7112 -0.8991  0.8246  0.2930 Kp L PHOENIX
 4.00  3800.  0.0  2.0  0.7779 -1.0155  1.3064 -0.1656 Kp L PHOENIX
 4.50  3800.  0.0  2.0  0.7061 -0.6231  1.2145 -0.4271 Kp L PHOENIX
 5.00  3800.  0.0  2.0  0.6076  0.1480  0.2437 -0.1608 Kp L PHOENIX
 3.50  4000.  0.0  2.0  0.5772 -0.5344  1.2439 -0.4189 Kp L PHOENIX
 4.00  4000.  0.0  2.0  0.7382 -1.0049  1.6284 -0.4581 Kp L PHOENIX
 4.50  4000.  0.0  2.0  0.7793 -1.0089  1.6088 -0.4981 Kp L PHOENIX
 5.00  4000.  0.0  2.0  0.6793 -0.2055  0.6625 -0.2971 Kp L PHOENIX
 3.50  4200.  0.0  2.0  0.6189 -0.5529  1.1750 -0.4044 Kp L PHOENIX
 4.00  4200.  0.0  2.0  0.6204 -0.5558  1.2477 -0.4094 Kp L PHOENIX
 4.50  4200.  0.0  2.0  0.5698 -0.6505  1.4386 -0.4640 Kp L PHOENIX
 5.00  4200.  0.0  2.0  0.6501 -0.3314  0.8459 -0.3076 Kp L PHOENIX
 3.50  4400.  0.0  2.0  0.5825 -0.4528  1.1022 -0.4102 Kp L PHOENIX
 4.00  4400.  0.0  2.0  0.6504 -0.3746  0.9355 -0.3042 Kp L PHOENIX
 4.50  4400.  0.0  2.0  0.7051 -0.5954  1.1396 -0.3765 Kp L PHOENIX
 5.00  4400.  0.0  2.0  0.6605 -0.5707  1.1978 -0.4156 Kp L PHOENIX
 3.50  4600.  0.0  2.0  0.5590 -0.3362  0.9396 -0.3587 Kp L PHOENIX
 4.00  4600.  0.0  2.0  0.6990 -0.4154  0.9294 -0.3126 Kp L PHOENIX
 4.50  4600.  0.0  2.0  0.7726 -0.7328  1.2486 -0.4271 Kp L PHOENIX
 5.00  4600.  0.0  2.0  0.7459 -0.6566  1.1577 -0.3935 Kp L PHOENIX
 3.50  4800.  0.0  2.0  0.5456 -0.2440  0.7932 -0.3038 Kp L PHOENIX
 4.00  4800.  0.0  2.0  0.6925 -0.3134  0.7876 -0.2725 Kp L PHOENIX
 4.50  4800.  0.0  2.0  0.7578 -0.6628  1.1686 -0.4140 Kp L PHOENIX
 5.00  4800.  0.0  2.0  0.7861 -0.7591  1.2444 -0.4343 Kp L PHOENIX
 3.50  5000.  0.0  2.0  0.6757 -0.4959  0.9736 -0.3495 Kp L PHOENIX
 4.00  5000.  0.0  2.0  0.8151 -0.6597  1.0800 -0.3773 Kp L PHOENIX
 4.50  5000.  0.0  2.0  0.7779 -0.7163  1.1986 -0.4325 Kp L PHOENIX
 5.00  5000.  0.0  2.0  0.7775 -0.7337  1.2121 -0.4354 Kp L PHOENIX
 3.50  5200.  0.0  2.0  0.6795 -0.4951  0.9556 -0.3507 Kp L PHOENIX
 4.00  5200.  0.0  2.0  0.8297 -0.6902  1.0905 -0.3863 Kp L PHOENIX
 4.50  5200.  0.0  2.0  0.7702 -0.6765  1.1380 -0.4170 Kp L PHOENIX
 5.00  5200.  0.0  2.0  0.7604 -0.6709  1.1320 -0.4136 Kp L PHOENIX
 3.50  5400.  0.0  2.0  0.6762 -0.4667  0.8897 -0.3238 Kp L PHOENIX
 4.00  5400.  0.0  2.0  0.8346 -0.6855  1.0526 -0.3719 Kp L PHOENIX
 4.50  5400.  0.0  2.0  0.7603 -0.6184  1.0421 -0.3820 Kp L PHOENIX
 5.00  5400.  0.0  2.0  0.7469 -0.6095  1.0411 -0.3825 Kp L PHOENIX
 3.50  5600.  0.0  2.0  0.6821 -0.4882  0.8992 -0.3302 Kp L PHOENIX
 4.00  5600.  0.0  2.0  0.8419 -0.7079  1.0615 -0.3779 Kp L PHOENIX
 4.50  5600.  0.0  2.0  0.7601 -0.6041  1.0055 -0.3708 Kp L PHOENIX
 5.00  5600.  0.0  2.0  0.7706 -0.6969  1.1773 -0.4643 Kp L PHOENIX
 3.50  5800.  0.0  2.0  0.6917 -0.5381  0.9572 -0.3601 Kp L PHOENIX
 4.00  5800.  0.0  2.0  0.8545 -0.7591  1.1136 -0.4032 Kp L PHOENIX
 4.50  5800.  0.0  2.0  0.7656 -0.6202  1.0117 -0.3775 Kp L PHOENIX
 5.00  5800.  0.0  2.0  0.7767 -0.7134  1.1935 -0.4808 Kp L PHOENIX
 3.50  7000.  0.0  2.0  0.7533 -0.8608  1.4320 -0.6312 Kp L PHOENIX
 4.00  7000.  0.0  2.0  0.9487 -1.2057  1.7406 -0.7337 Kp L PHOENIX
 4.50  7000.  0.0  2.0  0.8361 -0.9636  1.5144 -0.6656 Kp L PHOENIX
 5.00  7000.  0.0  2.0  0.8177 -0.9268  1.4759 -0.6527 Kp L PHOENIX
 3.50  7200.  0.0  2.0  0.7329 -0.8004  1.3755 -0.6236 Kp L PHOENIX
 4.00  7200.  0.0  2.0  0.9054 -1.0666  1.6106 -0.7126 Kp L PHOENIX
 4.50  7200.  0.0  2.0  0.8227 -0.9313  1.4896 -0.6690 Kp L PHOENIX
 5.00  7200.  0.0  2.0  0.8068 -0.9050  1.4611 -0.6585 Kp L PHOENIX
 3.50  7400.  0.0  2.0  0.6939 -0.7172  1.3176 -0.6211 Kp L PHOENIX
 4.00  7400.  0.0  2.0  0.8752 -1.0179  1.5970 -0.7288 Kp L PHOENIX
 4.50  7400.  0.0  2.0  0.8019 -0.8696  1.4263 -0.6562 Kp L PHOENIX
 5.00  7400.  0.0  2.0  0.7900 -0.8606  1.4181 -0.6528 Kp L PHOENIX
 3.50  7600.  0.0  2.0  0.6675 -0.6105  1.1731 -0.5669 Kp L PHOENIX
 4.00  7600.  0.0  2.0  0.8517 -0.9313  1.4864 -0.6919 Kp L PHOENIX
 4.50  7600.  0.0  2.0  0.7744 -0.7781  1.3215 -0.6250 Kp L PHOENIX
 5.00  7600.  0.0  2.0  0.7669 -0.7909  1.3421 -0.6330 Kp L PHOENIX
 3.50  7800.  0.0  2.0  0.6415 -0.4789  0.9721 -0.4796 Kp L PHOENIX
 4.00  7800.  0.0  2.0  0.8228 -0.8117  1.3236 -0.6294 Kp L PHOENIX
 4.50  7800.  0.0  2.0  0.7305 -0.6698  1.2245 -0.6036 Kp L PHOENIX
 5.00  7800.  0.0  2.0  0.7382 -0.6954  1.2290 -0.5967 Kp L PHOENIX
 3.50  8000.  0.0  2.0  0.6223 -0.3395  0.7247 -0.3591 Kp L PHOENIX
 4.00  8000.  0.0  2.0  0.7979 -0.6946  1.1495 -0.5562 Kp L PHOENIX
 4.50  8000.  0.0  2.0  0.7084 -0.5762  1.0897 -0.5506 Kp L PHOENIX
 5.00  8000.  0.0  2.0  0.6982 -0.5848  1.1146 -0.5637 Kp L PHOENIX
 3.50  8200.  0.0  2.0  0.6067 -0.2071  0.4733 -0.2312 Kp L PHOENIX
 4.00  8200.  0.0  2.0  0.8079 -0.7037  1.1145 -0.5264 Kp L PHOENIX
 4.50  8200.  0.0  2.0  0.6878 -0.4750  0.9340 -0.4842 Kp L PHOENIX
 5.00  8200.  0.0  2.0  0.6674 -0.4714  0.9652 -0.5071 Kp L PHOENIX
 3.50  8400.  0.0  2.0  0.5667 -0.0097  0.1908 -0.1139 Kp L PHOENIX
 4.00  8400.  0.0  2.0  0.7165 -0.3742  0.7061 -0.3647 Kp L PHOENIX
 4.50  8400.  0.0  2.0  0.6791 -0.4061  0.8048 -0.4226 Kp L PHOENIX
 5.00  8400.  0.0  2.0  0.6470 -0.3745  0.8174 -0.4447 Kp L PHOENIX
 3.50  8600.  0.0  2.0  0.5835 -0.0433  0.2060 -0.1184 Kp L PHOENIX
 4.00  8600.  0.0  2.0  0.7423 -0.3944  0.6095 -0.2842 Kp L PHOENIX
 4.50  8600.  0.0  2.0  0.6949 -0.4345  0.7960 -0.4055 Kp L PHOENIX
 5.00  8600.  0.0  2.0  0.6326 -0.2908  0.6784 -0.3832 Kp L PHOENIX
 3.50  8800.  0.0  2.0  0.6054 -0.0910  0.2291 -0.1216 Kp L PHOENIX
 4.00  8800.  0.0  2.0  0.7782 -0.4599  0.5936 -0.2485 Kp L PHOENIX
 4.50  8800.  0.0  2.0  0.6524 -0.2433  0.5103 -0.2747 Kp L PHOENIX
 5.00  8800.  0.0  2.0  0.6349 -0.2632  0.5973 -0.3387 Kp L PHOENIX
 3.50  9000.  0.0  2.0  0.5999  0.0191  0.0478 -0.0419 Kp L PHOENIX
 4.00  9000.  0.0  2.0  0.7876 -0.4782  0.5903 -0.2479 Kp L PHOENIX
 4.50  9000.  0.0  2.0  0.7078 -0.3453  0.4746 -0.2072 Kp L PHOENIX
 5.00  9000.  0.0  2.0  0.6841 -0.3960  0.6771 -0.3398 Kp L PHOENIX
 3.50  9200.  0.0  2.0  0.6342 -0.0932  0.1608 -0.0827 Kp L PHOENIX
 4.00  9200.  0.0  2.0  0.7770 -0.3804  0.4320 -0.1782 Kp L PHOENIX
 4.50  9200.  0.0  2.0  0.7048 -0.3347  0.4505 -0.1988 Kp L PHOENIX
 5.00  9200.  0.0  2.0  0.6827 -0.3475  0.5497 -0.2679 Kp L PHOENIX
 3.50  9400.  0.0  2.0  0.7373 -0.3316  0.3826 -0.1593 Kp L PHOENIX
 4.00  9400.  0.0  2.0  0.7663 -0.3517  0.3872 -0.1593 Kp L PHOENIX
 4.50  9400.  0.0  2.0  0.7051 -0.3374  0.4383 -0.1919 Kp L PHOENIX
 5.00  9400.  0.0  2.0  0.6916 -0.3365  0.4489 -0.1970 Kp L PHOENIX
 3.50  9600.  0.0  2.0  0.7230 -0.3253  0.3816 -0.1606 Kp L PHOENIX
 4.00  9600.  0.0  2.0  0.7671 -0.3888  0.4303 -0.1763 Kp L PHOENIX
 4.50  9600.  0.0  2.0  0.7014 -0.3305  0.4159 -0.1805 Kp L PHOENIX
 5.00  9600.  0.0  2.0  0.6934 -0.3725  0.4859 -0.2070 Kp L PHOENIX
 3.50  9800.  0.0  2.0  0.7425 -0.3535  0.3895 -0.1594 Kp L PHOENIX
 4.00  9800.  0.0  2.0  0.7749 -0.4136  0.4478 -0.1814 Kp L PHOENIX
 4.50  9800.  0.0  2.0  0.7106 -0.3432  0.4103 -0.1748 Kp L PHOENIX
 5.00  9800.  0.0  2.0  0.6915 -0.3326  0.4103 -0.1768 Kp L PHOENIX
