 3.50  2000.  0.0  2.0  0.0088  0.4977  0.0692  0.4214 R  L PHOENIX
 4.00  2000.  0.0  2.0  0.0289  0.5117  0.1503  0.3071 R  L PHOENIX
 4.50  2000.  0.0  2.0  0.0489  0.4934  0.2206  0.2360 R  L PHOENIX
 5.00  2000.  0.0  2.0  0.0738  0.4535  0.3205  0.1521 R  L PHOENIX
 3.50  2200.  0.0  2.0  0.0435  0.3295  0.3286  0.2987 R  L PHOENIX
 4.00  2200.  0.0  2.0  0.0487  0.4324  0.3047  0.2142 R  L PHOENIX
 4.50  2200.  0.0  2.0  0.0494  0.5096  0.2246  0.2156 R  L PHOENIX
 5.00  2200.  0.0  2.0  0.0737  0.4921  0.2893  0.1449 R  L PHOENIX
 3.50  2400.  0.0  2.0  0.0953  0.2096  0.7331 -0.0342 R  L PHOENIX
 4.00  2400.  0.0  2.0  0.1144  0.3332  0.5873 -0.0306 R  L PHOENIX
 4.50  2400.  0.0  2.0  0.1225  0.4077  0.4409  0.0331 R  L PHOENIX
 5.00  2400.  0.0  2.0  0.1372  0.4659  0.3444  0.0560 R  L PHOENIX
 3.50  2600.  0.0  2.0  0.1574  0.5913  0.4364 -0.1827 R  L PHOENIX
 4.00  2600.  0.0  2.0  0.2182  0.4214  0.5450 -0.1780 R  L PHOENIX
 4.50  2600.  0.0  2.0  0.2683  0.3724  0.5269 -0.1590 R  L PHOENIX
 5.00  2600.  0.0  2.0  0.3081  0.2717  0.5804 -0.1505 R  L PHOENIX
 3.50  2800.  0.0  2.0  0.4252  0.7828 -0.2529  0.0429 R  L PHOENIX
 4.00  2800.  0.0  2.0  0.4816  0.3285  0.3665 -0.1753 R  L PHOENIX
 4.50  2800.  0.0  2.0  0.4744  0.2798  0.4684 -0.2219 R  L PHOENIX
 5.00  2800.  0.0  2.0  0.5281  0.0212  0.7740 -0.3211 R  L PHOENIX
 3.50  3000.  0.0  2.0  0.7123  0.3506 -0.1151  0.0383 R  L PHOENIX
 4.00  3000.  0.0  2.0  0.7006  0.3567 -0.0784 -0.0015 R  L PHOENIX
 4.50  3000.  0.0  2.0  0.6499  0.3704  0.0070 -0.0551 R  L PHOENIX
 5.00  3000.  0.0  2.0  0.6171  0.1807  0.3810 -0.2081 R  L PHOENIX
 3.50  3200.  0.0  2.0  0.7564  0.1421  0.0055  0.0583 R  L PHOENIX
 4.00  3200.  0.0  2.0  0.7737  0.1163  0.0941 -0.0354 R  L PHOENIX
 4.50  3200.  0.0  2.0  0.7597  0.1912  0.0315 -0.0402 R  L PHOENIX
 5.00  3200.  0.0  2.0  0.7128  0.2745 -0.0025 -0.0487 R  L PHOENIX
 3.50  3400.  0.0  2.0  0.6428  0.2076 -0.2563  0.3302 R  L PHOENIX
 4.00  3400.  0.0  2.0  0.6718 -0.0182  0.2985 -0.0474 R  L PHOENIX
 4.50  3400.  0.0  2.0  0.6585  0.1941  0.0988 -0.0568 R  L PHOENIX
 5.00  3400.  0.0  2.0  0.6655  0.3553 -0.1374  0.0098 R  L PHOENIX
 3.50  3600.  0.0  2.0  0.5872 -0.0708 -0.2411  0.6145 R  L PHOENIX
 4.00  3600.  0.0  2.0  0.6770 -0.5155  0.7544 -0.0420 R  L PHOENIX
 4.50  3600.  0.0  2.0  0.5969 -0.1945  0.7375 -0.2878 R  L PHOENIX
 5.00  3600.  0.0  2.0  0.5076  0.4419 -0.0764 -0.0341 R  L PHOENIX
 3.50  3800.  0.0  2.0  0.7105 -0.8100  0.4680  0.5426 R  L PHOENIX
 4.00  3800.  0.0  2.0  0.7948 -1.1332  1.3076 -0.0765 R  L PHOENIX
 4.50  3800.  0.0  2.0  0.7146 -0.8722  1.5538 -0.5314 R  L PHOENIX
 5.00  3800.  0.0  2.0  0.5415  0.0888  0.4594 -0.2607 R  L PHOENIX
 3.50  4000.  0.0  2.0  0.5041 -0.5707  1.5135 -0.5794 R  L PHOENIX
 4.00  4000.  0.0  2.0  0.7764 -1.3911  2.1742 -0.6485 R  L PHOENIX
 4.50  4000.  0.0  2.0  0.7799 -1.2621  1.9972 -0.6294 R  L PHOENIX
 5.00  4000.  0.0  2.0  0.5947 -0.1952  0.8223 -0.3840 R  L PHOENIX
 3.50  4200.  0.0  2.0  0.5368 -0.4014  1.1234 -0.4292 R  L PHOENIX
 4.00  4200.  0.0  2.0  0.5499 -0.6200  1.5590 -0.5812 R  L PHOENIX
 4.50  4200.  0.0  2.0  0.5493 -0.9120  1.9505 -0.6855 R  L PHOENIX
 5.00  4200.  0.0  2.0  0.5407 -0.2302  0.9113 -0.3611 R  L PHOENIX
 3.50  4400.  0.0  2.0  0.5249 -0.3270  1.0316 -0.4174 R  L PHOENIX
 4.00  4400.  0.0  2.0  0.5516 -0.1769  0.8620 -0.3270 R  L PHOENIX
 4.50  4400.  0.0  2.0  0.6091 -0.4480  1.1300 -0.4138 R  L PHOENIX
 5.00  4400.  0.0  2.0  0.5532 -0.4489  1.2515 -0.4766 R  L PHOENIX
 3.50  4600.  0.0  2.0  0.5231 -0.2562  0.8932 -0.3678 R  L PHOENIX
 4.00  4600.  0.0  2.0  0.6541 -0.2835  0.8458 -0.3152 R  L PHOENIX
 4.50  4600.  0.0  2.0  0.7088 -0.6136  1.2137 -0.4475 R  L PHOENIX
 5.00  4600.  0.0  2.0  0.6597 -0.4971  1.0985 -0.4031 R  L PHOENIX
 3.50  4800.  0.0  2.0  0.5178 -0.1709  0.7307 -0.2994 R  L PHOENIX
 4.00  4800.  0.0  2.0  0.6699 -0.2256  0.7197 -0.2731 R  L PHOENIX
 4.50  4800.  0.0  2.0  0.7014 -0.5424  1.1058 -0.4200 R  L PHOENIX
 5.00  4800.  0.0  2.0  0.7159 -0.6248  1.1878 -0.4423 R  L PHOENIX
 3.50  5000.  0.0  2.0  0.6495 -0.4238  0.9089 -0.3444 R  L PHOENIX
 4.00  5000.  0.0  2.0  0.7937 -0.5978  1.0337 -0.3806 R  L PHOENIX
 4.50  5000.  0.0  2.0  0.7273 -0.6020  1.1251 -0.4304 R  L PHOENIX
 5.00  5000.  0.0  2.0  0.7122 -0.5948  1.1329 -0.4331 R  L PHOENIX
 3.50  5200.  0.0  2.0  0.6648 -0.4505  0.9107 -0.3495 R  L PHOENIX
 4.00  5200.  0.0  2.0  0.8142 -0.6325  1.0328 -0.3805 R  L PHOENIX
 4.50  5200.  0.0  2.0  0.7305 -0.5756  1.0603 -0.4089 R  L PHOENIX
 5.00  5200.  0.0  2.0  0.7083 -0.5504  1.0562 -0.4107 R  L PHOENIX
 3.50  5400.  0.0  2.0  0.6692 -0.4400  0.8592 -0.3277 R  L PHOENIX
 4.00  5400.  0.0  2.0  0.8323 -0.6564  1.0158 -0.3718 R  L PHOENIX
 4.50  5400.  0.0  2.0  0.7340 -0.5416  0.9755 -0.3748 R  L PHOENIX
 5.00  5400.  0.0  2.0  0.7094 -0.5126  0.9755 -0.3818 R  L PHOENIX
 3.50  5600.  0.0  2.0  0.6771 -0.4590  0.8592 -0.3295 R  L PHOENIX
 4.00  5600.  0.0  2.0  0.8476 -0.6965  1.0388 -0.3832 R  L PHOENIX
 4.50  5600.  0.0  2.0  0.7427 -0.5425  0.9443 -0.3638 R  L PHOENIX
 5.00  5600.  0.0  2.0  0.7455 -0.6241  1.1249 -0.4663 R  L PHOENIX
 3.50  5800.  0.0  2.0  0.6868 -0.4937  0.8854 -0.3430 R  L PHOENIX
 4.00  5800.  0.0  2.0  0.8601 -0.7394  1.0729 -0.3996 R  L PHOENIX
 4.50  5800.  0.0  2.0  0.7527 -0.5605  0.9402 -0.3637 R  L PHOENIX
 5.00  5800.  0.0  2.0  0.7567 -0.6413  1.1224 -0.4699 R  L PHOENIX
 3.50  7000.  0.0  2.0  0.7555 -0.8128  1.2798 -0.5443 R  L PHOENIX
 4.00  7000.  0.0  2.0  0.9601 -1.1735  1.6103 -0.6579 R  L PHOENIX
 4.50  7000.  0.0  2.0  0.8435 -0.9455  1.4271 -0.6150 R  L PHOENIX
 5.00  7000.  0.0  2.0  0.8208 -0.9011  1.3908 -0.6067 R  L PHOENIX
 3.50  7200.  0.0  2.0  0.7480 -0.7961  1.2695 -0.5510 R  L PHOENIX
 4.00  7200.  0.0  2.0  0.9350 -1.1070  1.5741 -0.6747 R  L PHOENIX
 4.50  7200.  0.0  2.0  0.8366 -0.9370  1.4265 -0.6247 R  L PHOENIX
 5.00  7200.  0.0  2.0  0.8146 -0.8968  1.3921 -0.6153 R  L PHOENIX
 3.50  7400.  0.0  2.0  0.7289 -0.7841  1.2960 -0.5802 R  L PHOENIX
 4.00  7400.  0.0  2.0  0.9190 -1.1116  1.6241 -0.7143 R  L PHOENIX
 4.50  7400.  0.0  2.0  0.8245 -0.9078  1.3997 -0.6239 R  L PHOENIX
 5.00  7400.  0.0  2.0  0.8044 -0.8779  1.3767 -0.6178 R  L PHOENIX
 3.50  7600.  0.0  2.0  0.7179 -0.7360  1.2247 -0.5553 R  L PHOENIX
 4.00  7600.  0.0  2.0  0.9091 -1.0770  1.5765 -0.7013 R  L PHOENIX
 4.50  7600.  0.0  2.0  0.8077 -0.8573  1.3437 -0.6105 R  L PHOENIX
 5.00  7600.  0.0  2.0  0.7895 -0.8403  1.3379 -0.6109 R  L PHOENIX
 3.50  7800.  0.0  2.0  0.7000 -0.6407  1.0760 -0.4922 R  L PHOENIX
 4.00  7800.  0.0  2.0  0.8920 -1.0050  1.4737 -0.6626 R  L PHOENIX
 4.50  7800.  0.0  2.0  0.7775 -0.8051  1.3188 -0.6180 R  L PHOENIX
 5.00  7800.  0.0  2.0  0.7707 -0.7840  1.2732 -0.5928 R  L PHOENIX
 3.50  8000.  0.0  2.0  0.6788 -0.5042  0.8488 -0.3888 R  L PHOENIX
 4.00  8000.  0.0  2.0  0.8754 -0.9244  1.3478 -0.6095 R  L PHOENIX
 4.50  8000.  0.0  2.0  0.7662 -0.7561  1.2410 -0.5878 R  L PHOENIX
 5.00  8000.  0.0  2.0  0.7425 -0.7234  1.2244 -0.5866 R  L PHOENIX
 3.50  8200.  0.0  2.0  0.6495 -0.3338  0.5702 -0.2610 R  L PHOENIX
 4.00  8200.  0.0  2.0  0.8872 -0.9357  1.3081 -0.5754 R  L PHOENIX
 4.50  8200.  0.0  2.0  0.7526 -0.6875  1.1289 -0.5395 R  L PHOENIX
 5.00  8200.  0.0  2.0  0.7214 -0.6532  1.1327 -0.5538 R  L PHOENIX
 3.50  8400.  0.0  2.0  0.5930 -0.0977  0.2530 -0.1327 R  L PHOENIX
 4.00  8400.  0.0  2.0  0.7937 -0.6200  0.9377 -0.4366 R  L PHOENIX
 4.50  8400.  0.0  2.0  0.7465 -0.6358  1.0244 -0.4888 R  L PHOENIX
 5.00  8400.  0.0  2.0  0.7073 -0.5882  1.0286 -0.5097 R  L PHOENIX
 3.50  8600.  0.0  2.0  0.6155 -0.1630  0.3117 -0.1543 R  L PHOENIX
 4.00  8600.  0.0  2.0  0.8006 -0.5765  0.7764 -0.3403 R  L PHOENIX
 4.50  8600.  0.0  2.0  0.7644 -0.6727  1.0229 -0.4734 R  L PHOENIX
 5.00  8600.  0.0  2.0  0.6973 -0.5314  0.9291 -0.4656 R  L PHOENIX
 3.50  8800.  0.0  2.0  0.6355 -0.2125  0.3404 -0.1599 R  L PHOENIX
 4.00  8800.  0.0  2.0  0.8068 -0.5397  0.6317 -0.2530 R  L PHOENIX
 4.50  8800.  0.0  2.0  0.7079 -0.4447  0.7069 -0.3377 R  L PHOENIX
 5.00  8800.  0.0  2.0  0.6989 -0.5102  0.8596 -0.4269 R  L PHOENIX
 3.50  9000.  0.0  2.0  0.6139 -0.0588  0.1147 -0.0640 R  L PHOENIX
 4.00  9000.  0.0  2.0  0.8263 -0.6147  0.7100 -0.2870 R  L PHOENIX
 4.50  9000.  0.0  2.0  0.7308 -0.4347  0.5453 -0.2298 R  L PHOENIX
 5.00  9000.  0.0  2.0  0.7356 -0.5869  0.8535 -0.3882 R  L PHOENIX
 3.50  9200.  0.0  2.0  0.6539 -0.1924  0.2527 -0.1137 R  L PHOENIX
 4.00  9200.  0.0  2.0  0.8028 -0.4831  0.5177 -0.2050 R  L PHOENIX
 4.50  9200.  0.0  2.0  0.7266 -0.4339  0.5386 -0.2284 R  L PHOENIX
 5.00  9200.  0.0  2.0  0.7217 -0.5059  0.7017 -0.3146 R  L PHOENIX
 3.50  9400.  0.0  2.0  0.7731 -0.4694  0.5120 -0.2031 R  L PHOENIX
 4.00  9400.  0.0  2.0  0.7868 -0.4476  0.4710 -0.1862 R  L PHOENIX
 4.50  9400.  0.0  2.0  0.7247 -0.4391  0.5330 -0.2239 R  L PHOENIX
 5.00  9400.  0.0  2.0  0.7067 -0.4165  0.5178 -0.2193 R  L PHOENIX
 3.50  9600.  0.0  2.0  0.7580 -0.4689  0.5231 -0.2100 R  L PHOENIX
 4.00  9600.  0.0  2.0  0.7891 -0.4968  0.5314 -0.2100 R  L PHOENIX
 4.50  9600.  0.0  2.0  0.7171 -0.4272  0.5083 -0.2118 R  L PHOENIX
 5.00  9600.  0.0  2.0  0.6976 -0.4147  0.5007 -0.2037 R  L PHOENIX
 3.50  9800.  0.0  2.0  0.7782 -0.4989  0.5345 -0.2110 R  L PHOENIX
 4.00  9800.  0.0  2.0  0.7966 -0.5246  0.5550 -0.2178 R  L PHOENIX
 4.50  9800.  0.0  2.0  0.7233 -0.4356  0.5010 -0.2059 R  L PHOENIX
 5.00  9800.  0.0  2.0  0.6988 -0.4048  0.4780 -0.1993 R  L PHOENIX
