 3.50  2000.  0.0  2.0 -0.1866  0.5135 -0.5385  1.1773 U  L PHOENIX
 4.00  2000.  0.0  2.0 -0.1386  0.3983 -0.0127  0.7291 U  L PHOENIX
 4.50  2000.  0.0  2.0 -0.0830  0.2800  0.3604  0.4280 U  L PHOENIX
 5.00  2000.  0.0  2.0 -0.0384  0.2319  0.5591  0.2395 U  L PHOENIX
 3.50  2200.  0.0  2.0 -0.1094  0.0879  0.7386  0.2519 U  L PHOENIX
 4.00  2200.  0.0  2.0 -0.1071  0.3075  0.5250  0.2524 U  L PHOENIX
 4.50  2200.  0.0  2.0 -0.0927  0.4233  0.4485  0.2052 U  L PHOENIX
 5.00  2200.  0.0  2.0 -0.0504  0.4282  0.5198  0.0932 U  L PHOENIX
 3.50  2400.  0.0  2.0 -0.2666  0.8434  0.4336 -0.0540 U  L PHOENIX
 4.00  2400.  0.0  2.0 -0.1451  0.6464  0.5526 -0.0798 U  L PHOENIX
 4.50  2400.  0.0  2.0 -0.0721  0.6355  0.3796  0.0426 U  L PHOENIX
 5.00  2400.  0.0  2.0 -0.0306  0.7288  0.2341  0.0591 U  L PHOENIX
 3.50  2600.  0.0  2.0 -0.2114  1.8488 -0.9979  0.3248 U  L PHOENIX
 4.00  2600.  0.0  2.0 -0.1736  1.4617 -0.4270  0.1103 U  L PHOENIX
 4.50  2600.  0.0  2.0  0.0077  0.9737  0.0081 -0.0015 U  L PHOENIX
 5.00  2600.  0.0  2.0  0.1139  0.8186  0.0151  0.0494 U  L PHOENIX
 3.50  2800.  0.0  2.0  0.2663  1.3092 -0.8638  0.2777 U  L PHOENIX
 4.00  2800.  0.0  2.0  0.1445  1.4179 -0.8306  0.2545 U  L PHOENIX
 4.50  2800.  0.0  2.0  0.1896  1.1915 -0.5286  0.1368 U  L PHOENIX
 5.00  2800.  0.0  2.0  0.3654  0.5518  0.1566 -0.0763 U  L PHOENIX
 3.50  3000.  0.0  2.0  0.5573  0.7998 -0.5507  0.1905 U  L PHOENIX
 4.00  3000.  0.0  2.0  0.6849  0.6086 -0.4353  0.1434 U  L PHOENIX
 4.50  3000.  0.0  2.0  0.6484  0.6543 -0.4461  0.1418 U  L PHOENIX
 5.00  3000.  0.0  2.0  0.5506  0.5663 -0.1408  0.0089 U  L PHOENIX
 3.50  3200.  0.0  2.0  0.6393  0.5883 -0.3870  0.1540 U  L PHOENIX
 4.00  3200.  0.0  2.0  0.8324  0.2812 -0.1811  0.0631 U  L PHOENIX
 4.50  3200.  0.0  2.0  0.9001  0.1395 -0.0667  0.0184 U  L PHOENIX
 5.00  3200.  0.0  2.0  0.8455  0.1909 -0.0728  0.0133 U  L PHOENIX
 3.50  3400.  0.0  2.0  0.6390  0.4929 -0.3125  0.1664 U  L PHOENIX
 4.00  3400.  0.0  2.0  0.8362  0.1726 -0.0637  0.0341 U  L PHOENIX
 4.50  3400.  0.0  2.0  0.9382 -0.0016  0.0480 -0.0163 U  L PHOENIX
 5.00  3400.  0.0  2.0  0.9531 -0.0574  0.0956 -0.0382 U  L PHOENIX
 3.50  3600.  0.0  2.0  0.5896  0.4338 -0.2992  0.2403 U  L PHOENIX
 4.00  3600.  0.0  2.0  0.7681  0.1457 -0.0124  0.0399 U  L PHOENIX
 4.50  3600.  0.0  2.0  0.8705 -0.0672  0.1852 -0.0700 U  L PHOENIX
 5.00  3600.  0.0  2.0  0.9029 -0.1030  0.1709 -0.0699 U  L PHOENIX
 3.50  3800.  0.0  2.0  0.5969  0.2030 -0.1738  0.3200 U  L PHOENIX
 4.00  3800.  0.0  2.0  0.9630 -0.5647  0.6890 -0.1617 U  L PHOENIX
 4.50  3800.  0.0  2.0  1.0885 -0.8472  1.0086 -0.3484 U  L PHOENIX
 5.00  3800.  0.0  2.0  1.0996 -0.8536  1.0070 -0.3771 U  L PHOENIX
 3.50  4000.  0.0  2.0  1.4283 -1.6566  1.4019 -0.2480 U  L PHOENIX
 4.00  4000.  0.0  2.0  1.2649 -1.2591  1.2225 -0.2999 U  L PHOENIX
 4.50  4000.  0.0  2.0  1.3704 -1.5553  1.5664 -0.4787 U  L PHOENIX
 5.00  4000.  0.0  2.0  1.3932 -1.6670  1.7725 -0.6184 U  L PHOENIX
 3.50  4200.  0.0  2.0  1.4800 -1.7991  1.4264 -0.1915 U  L PHOENIX
 4.00  4200.  0.0  2.0  1.2511 -1.1614  0.9800 -0.1345 U  L PHOENIX
 4.50  4200.  0.0  2.0  1.2861 -1.4299  1.3660 -0.3147 U  L PHOENIX
 5.00  4200.  0.0  2.0  1.4512 -1.8099  1.8351 -0.5872 U  L PHOENIX
 3.50  4400.  0.0  2.0  1.4158 -1.7071  1.2616 -0.0589 U  L PHOENIX
 4.00  4400.  0.0  2.0  1.1533 -0.9158  0.6412  0.0689 U  L PHOENIX
 4.50  4400.  0.0  2.0  1.4284 -1.5871  1.3712 -0.2902 U  L PHOENIX
 5.00  4400.  0.0  2.0  1.4548 -1.7541  1.6208 -0.4235 U  L PHOENIX
 3.50  4600.  0.0  2.0  1.4890 -2.0698  1.7552 -0.2476 U  L PHOENIX
 4.00  4600.  0.0  2.0  1.1074 -0.8866  0.5775  0.1610 U  L PHOENIX
 4.50  4600.  0.0  2.0  1.3744 -1.4303  1.1285 -0.1385 U  L PHOENIX
 5.00  4600.  0.0  2.0  1.4551 -1.6802  1.4631 -0.3289 U  L PHOENIX
 3.50  4800.  0.0  2.0  1.4849 -2.2836  2.2058 -0.4733 U  L PHOENIX
 4.00  4800.  0.0  2.0  1.0704 -0.9492  0.7309  0.1211 U  L PHOENIX
 4.50  4800.  0.0  2.0  1.3187 -1.3521  1.0282 -0.0526 U  L PHOENIX
 5.00  4800.  0.0  2.0  1.4090 -1.5415  1.2382 -0.1914 U  L PHOENIX
 3.50  5000.  0.0  2.0  1.3782 -1.7708  1.6169 -0.2593 U  L PHOENIX
 4.00  5000.  0.0  2.0  1.1508 -1.1274  0.9687 -0.0213 U  L PHOENIX
 4.50  5000.  0.0  2.0  1.3450 -1.5003  1.2185 -0.1198 U  L PHOENIX
 5.00  5000.  0.0  2.0  1.3959 -1.5742  1.2550 -0.1601 U  L PHOENIX
 3.50  5200.  0.0  2.0  1.3661 -1.9403  2.0125 -0.4822 U  L PHOENIX
 4.00  5200.  0.0  2.0  1.1772 -1.3255  1.3101 -0.1884 U  L PHOENIX
 4.50  5200.  0.0  2.0  1.3447 -1.6680  1.5204 -0.2511 U  L PHOENIX
 5.00  5200.  0.0  2.0  1.3911 -1.7145  1.4871 -0.2434 U  L PHOENIX
 3.50  5400.  0.0  2.0  1.2740 -1.8586  2.0943 -0.5756 U  L PHOENIX
 4.00  5400.  0.0  2.0  1.1769 -1.4668  1.6287 -0.3702 U  L PHOENIX
 4.50  5400.  0.0  2.0  1.3148 -1.7743  1.8076 -0.4046 U  L PHOENIX
 5.00  5400.  0.0  2.0  1.3600 -1.8135  1.7317 -0.3570 U  L PHOENIX
 3.50  5600.  0.0  2.0  1.1378 -1.6073  1.9397 -0.5599 U  L PHOENIX
 4.00  5600.  0.0  2.0  1.1126 -1.4056  1.6888 -0.4403 U  L PHOENIX
 4.50  5600.  0.0  2.0  1.2445 -1.7421  1.9407 -0.5085 U  L PHOENIX
 5.00  5600.  0.0  2.0  1.3216 -1.9161  2.0449 -0.5310 U  L PHOENIX
 3.50  5800.  0.0  2.0  1.0122 -1.3490  1.7385 -0.5114 U  L PHOENIX
 4.00  5800.  0.0  2.0  1.0146 -1.2187  1.5599 -0.4168 U  L PHOENIX
 4.50  5800.  0.0  2.0  1.1325 -1.5404  1.8280 -0.4984 U  L PHOENIX
 5.00  5800.  0.0  2.0  1.2366 -1.8345  2.1086 -0.5982 U  L PHOENIX
 3.50  7000.  0.0  2.0  0.8693 -1.1395  1.9057 -0.8005 U  L PHOENIX
 4.00  7000.  0.0  2.0  0.8763 -1.0064  1.7043 -0.6870 U  L PHOENIX
 4.50  7000.  0.0  2.0  0.8922 -1.0689  1.7294 -0.6795 U  L PHOENIX
 5.00  7000.  0.0  2.0  0.9171 -1.1603  1.8151 -0.7013 U  L PHOENIX
 3.50  7200.  0.0  2.0  0.8248 -0.9818  1.7393 -0.7586 U  L PHOENIX
 4.00  7200.  0.0  2.0  0.8332 -0.8288  1.5131 -0.6415 U  L PHOENIX
 4.50  7200.  0.0  2.0  0.8771 -1.0087  1.6789 -0.6823 U  L PHOENIX
 5.00  7200.  0.0  2.0  0.9018 -1.0976  1.7543 -0.6952 U  L PHOENIX
 3.50  7400.  0.0  2.0  0.7746 -0.8164  1.5542 -0.7019 U  L PHOENIX
 4.00  7400.  0.0  2.0  0.8156 -0.7641  1.4528 -0.6380 U  L PHOENIX
 4.50  7400.  0.0  2.0  0.8544 -0.9191  1.5882 -0.6678 U  L PHOENIX
 5.00  7400.  0.0  2.0  0.8897 -1.0474  1.7113 -0.6984 U  L PHOENIX
 3.50  7600.  0.0  2.0  0.7152 -0.5800  1.2466 -0.5846 U  L PHOENIX
 4.00  7600.  0.0  2.0  0.7845 -0.6091  1.2478 -0.5677 U  L PHOENIX
 4.50  7600.  0.0  2.0  0.8216 -0.7892  1.4402 -0.6275 U  L PHOENIX
 5.00  7600.  0.0  2.0  0.8693 -0.9672  1.6297 -0.6862 U  L PHOENIX
 3.50  7800.  0.0  2.0  0.6666 -0.3708  0.9428 -0.4501 U  L PHOENIX
 4.00  7800.  0.0  2.0  0.7413 -0.4092  0.9793 -0.4665 U  L PHOENIX
 4.50  7800.  0.0  2.0  0.7888 -0.6799  1.3217 -0.5964 U  L PHOENIX
 5.00  7800.  0.0  2.0  0.8373 -0.8424  1.4859 -0.6461 U  L PHOENIX
 3.50  8000.  0.0  2.0  0.6521 -0.2720  0.7206 -0.3142 U  L PHOENIX
 4.00  8000.  0.0  2.0  0.6996 -0.2124  0.7030 -0.3547 U  L PHOENIX
 4.50  8000.  0.0  2.0  0.7523 -0.5084  1.0852 -0.5067 U  L PHOENIX
 5.00  8000.  0.0  2.0  0.8041 -0.7280  1.3571 -0.6095 U  L PHOENIX
 3.50  8200.  0.0  2.0  0.7114 -0.4554  0.8956 -0.3613 U  L PHOENIX
 4.00  8200.  0.0  2.0  0.6807 -0.1241  0.5663 -0.2935 U  L PHOENIX
 4.50  8200.  0.0  2.0  0.7154 -0.3327  0.8370 -0.4077 U  L PHOENIX
 5.00  8200.  0.0  2.0  0.7668 -0.5685  1.1440 -0.5302 U  L PHOENIX
 3.50  8400.  0.0  2.0  0.7115 -0.4083  0.8193 -0.3358 U  L PHOENIX
 4.00  8400.  0.0  2.0  0.6446  0.0264  0.3359 -0.1799 U  L PHOENIX
 4.50  8400.  0.0  2.0  0.6919 -0.2010  0.6345 -0.3217 U  L PHOENIX
 5.00  8400.  0.0  2.0  0.7325 -0.4041  0.9100 -0.4373 U  L PHOENIX
 3.50  8600.  0.0  2.0  0.6987 -0.3066  0.6537 -0.2671 U  L PHOENIX
 4.00  8600.  0.0  2.0  0.7448 -0.2815  0.6088 -0.2436 U  L PHOENIX
 4.50  8600.  0.0  2.0  0.6798 -0.1255  0.5048 -0.2619 U  L PHOENIX
 5.00  8600.  0.0  2.0  0.7039 -0.2501  0.6799 -0.3425 U  L PHOENIX
 3.50  8800.  0.0  2.0  0.7011 -0.2719  0.5820 -0.2396 U  L PHOENIX
 4.00  8800.  0.0  2.0  0.8209 -0.5157  0.8851 -0.3653 U  L PHOENIX
 4.50  8800.  0.0  2.0  0.6899 -0.1367  0.4608 -0.2162 U  L PHOENIX
 5.00  8800.  0.0  2.0  0.6939 -0.1639  0.5275 -0.2744 U  L PHOENIX
 3.50  9000.  0.0  2.0  0.7198 -0.2909  0.5972 -0.2494 U  L PHOENIX
 4.00  9000.  0.0  2.0  0.8048 -0.3864  0.6557 -0.2620 U  L PHOENIX
 4.50  9000.  0.0  2.0  0.8301 -0.5923  0.9347 -0.3771 U  L PHOENIX
 5.00  9000.  0.0  2.0  0.7085 -0.2083  0.5518 -0.2776 U  L PHOENIX
 3.50  9200.  0.0  2.0  0.7068 -0.2267  0.4959 -0.2095 U  L PHOENIX
 4.00  9200.  0.0  2.0  0.8124 -0.3852  0.6461 -0.2614 U  L PHOENIX
 4.50  9200.  0.0  2.0  0.8222 -0.5213  0.8130 -0.3268 U  L PHOENIX
 5.00  9200.  0.0  2.0  0.7450 -0.2893  0.5671 -0.2502 U  L PHOENIX
 3.50  9400.  0.0  2.0  0.7029 -0.1237  0.3397 -0.1474 U  L PHOENIX
 4.00  9400.  0.0  2.0  0.8195 -0.3914  0.6301 -0.2535 U  L PHOENIX
 4.50  9400.  0.0  2.0  0.8167 -0.4801  0.7344 -0.2923 U  L PHOENIX
 5.00  9400.  0.0  2.0  0.8305 -0.5798  0.8720 -0.3503 U  L PHOENIX
 3.50  9600.  0.0  2.0  0.6874 -0.0894  0.2902 -0.1304 U  L PHOENIX
 4.00  9600.  0.0  2.0  0.8047 -0.3489  0.5645 -0.2287 U  L PHOENIX
 4.50  9600.  0.0  2.0  0.8047 -0.4417  0.6764 -0.2704 U  L PHOENIX
 5.00  9600.  0.0  2.0  0.8190 -0.5756  0.8855 -0.3664 U  L PHOENIX
 3.50  9800.  0.0  2.0  0.6805 -0.0431  0.2216 -0.1043 U  L PHOENIX
 4.00  9800.  0.0  2.0  0.7917 -0.3004  0.4971 -0.2048 U  L PHOENIX
 4.50  9800.  0.0  2.0  0.8009 -0.4131  0.6305 -0.2542 U  L PHOENIX
 5.00  9800.  0.0  2.0  0.8158 -0.5016  0.7377 -0.2962 U  L PHOENIX
