 3.50  2000.  0.0  2.0 -0.0546  0.3765 -0.1700  0.8411 V  L PHOENIX
 4.00  2000.  0.0  2.0 -0.0473  0.3845  0.0006  0.6561 V  L PHOENIX
 4.50  2000.  0.0  2.0 -0.0446  0.4098  0.0885  0.5405 V  L PHOENIX
 5.00  2000.  0.0  2.0 -0.0284  0.3930  0.2476  0.3833 V  L PHOENIX
 3.50  2200.  0.0  2.0  0.0484 -0.0648  0.6209  0.3973 V  L PHOENIX
 4.00  2200.  0.0  2.0  0.0386  0.0337  0.6614  0.2675 V  L PHOENIX
 4.50  2200.  0.0  2.0  0.0065  0.2287  0.4286  0.3352 V  L PHOENIX
 5.00  2200.  0.0  2.0 -0.0009  0.3307  0.3990  0.2695 V  L PHOENIX
 3.50  2400.  0.0  2.0  0.0727 -0.1630  1.2437 -0.1500 V  L PHOENIX
 4.00  2400.  0.0  2.0  0.0653 -0.0171  1.1326 -0.1779 V  L PHOENIX
 4.50  2400.  0.0  2.0  0.0708  0.0539  0.9769 -0.0979 V  L PHOENIX
 5.00  2400.  0.0  2.0  0.0583  0.2363  0.6956  0.0124 V  L PHOENIX
 3.50  2600.  0.0  2.0 -0.0217  0.7263  0.4764 -0.1858 V  L PHOENIX
 4.00  2600.  0.0  2.0  0.0279  0.5216  0.6754 -0.2264 V  L PHOENIX
 4.50  2600.  0.0  2.0  0.0684  0.4675  0.6861 -0.2210 V  L PHOENIX
 5.00  2600.  0.0  2.0  0.1275  0.2967  0.8003 -0.2196 V  L PHOENIX
 3.50  2800.  0.0  2.0  0.1945  1.1021 -0.3977  0.1007 V  L PHOENIX
 4.00  2800.  0.0  2.0  0.1941  0.7738  0.1289 -0.0980 V  L PHOENIX
 4.50  2800.  0.0  2.0  0.1701  0.8105  0.1281 -0.1115 V  L PHOENIX
 5.00  2800.  0.0  2.0  0.2064  0.5633  0.4556 -0.2269 V  L PHOENIX
 3.50  3000.  0.0  2.0  0.4771  0.6984 -0.2918  0.1155 V  L PHOENIX
 4.00  3000.  0.0  2.0  0.4653  0.7913 -0.3599  0.0966 V  L PHOENIX
 4.50  3000.  0.0  2.0  0.4037  0.8936 -0.3913  0.0827 V  L PHOENIX
 5.00  3000.  0.0  2.0  0.3218  0.8331 -0.1347 -0.0360 V  L PHOENIX
 3.50  3200.  0.0  2.0  0.5182  0.4837 -0.2213  0.2041 V  L PHOENIX
 4.00  3200.  0.0  2.0  0.5633  0.5045 -0.1429  0.0522 V  L PHOENIX
 4.50  3200.  0.0  2.0  0.5610  0.6420 -0.3038  0.0741 V  L PHOENIX
 5.00  3200.  0.0  2.0  0.5155  0.7931 -0.4467  0.1071 V  L PHOENIX
 3.50  3400.  0.0  2.0  0.3579  0.7052 -0.8490  0.7418 V  L PHOENIX
 4.00  3400.  0.0  2.0  0.4973  0.2577  0.1828  0.0119 V  L PHOENIX
 4.50  3400.  0.0  2.0  0.5149  0.5503 -0.1454  0.0222 V  L PHOENIX
 5.00  3400.  0.0  2.0  0.5468  0.7387 -0.4678  0.1241 V  L PHOENIX
 3.50  3600.  0.0  2.0  0.3023  0.4197 -0.8409  1.0559 V  L PHOENIX
 4.00  3600.  0.0  2.0  0.4708 -0.1692  0.5282  0.0995 V  L PHOENIX
 4.50  3600.  0.0  2.0  0.4388  0.2385  0.4374 -0.2065 V  L PHOENIX
 5.00  3600.  0.0  2.0  0.4182  0.8397 -0.4485  0.0900 V  L PHOENIX
 3.50  3800.  0.0  2.0  0.4816 -0.5925  0.4183  0.6520 V  L PHOENIX
 4.00  3800.  0.0  2.0  0.5732 -0.8094  1.1659  0.0119 V  L PHOENIX
 4.50  3800.  0.0  2.0  0.5093 -0.3556  1.1767 -0.4199 V  L PHOENIX
 5.00  3800.  0.0  2.0  0.3961  0.6750 -0.1474 -0.0442 V  L PHOENIX
 3.50  4000.  0.0  2.0  0.4101 -0.3662  1.2519 -0.3960 V  L PHOENIX
 4.00  4000.  0.0  2.0  0.5488 -0.8298  1.6413 -0.4223 V  L PHOENIX
 4.50  4000.  0.0  2.0  0.5777 -0.7611  1.5404 -0.4357 V  L PHOENIX
 5.00  4000.  0.0  2.0  0.4656  0.2755  0.3168 -0.1777 V  L PHOENIX
 3.50  4200.  0.0  2.0  0.4385 -0.3057  1.0835 -0.3449 V  L PHOENIX
 4.00  4200.  0.0  2.0  0.4433 -0.3805  1.2505 -0.3781 V  L PHOENIX
 4.50  4200.  0.0  2.0  0.3811 -0.4549  1.4219 -0.4173 V  L PHOENIX
 5.00  4200.  0.0  2.0  0.4642 -0.0304  0.6917 -0.2244 V  L PHOENIX
 3.50  4400.  0.0  2.0  0.4195 -0.2129  1.0052 -0.3490 V  L PHOENIX
 4.00  4400.  0.0  2.0  0.4723 -0.1983  0.9550 -0.2913 V  L PHOENIX
 4.50  4400.  0.0  2.0  0.5444 -0.4585  1.2025 -0.3734 V  L PHOENIX
 5.00  4400.  0.0  2.0  0.5103 -0.4698  1.3044 -0.4258 V  L PHOENIX
 3.50  4600.  0.0  2.0  0.4281 -0.1518  0.9059 -0.3339 V  L PHOENIX
 4.00  4600.  0.0  2.0  0.5019 -0.1623  0.8629 -0.2707 V  L PHOENIX
 4.50  4600.  0.0  2.0  0.6060 -0.5576  1.2793 -0.4229 V  L PHOENIX
 5.00  4600.  0.0  2.0  0.5927 -0.5300  1.2500 -0.4097 V  L PHOENIX
 3.50  4800.  0.0  2.0  0.4470 -0.1251  0.8282 -0.3129 V  L PHOENIX
 4.00  4800.  0.0  2.0  0.5087 -0.0784  0.7540 -0.2565 V  L PHOENIX
 4.50  4800.  0.0  2.0  0.5951 -0.4656  1.1765 -0.4111 V  L PHOENIX
 5.00  4800.  0.0  2.0  0.6311 -0.5936  1.2955 -0.4442 V  L PHOENIX
 3.50  5000.  0.0  2.0  0.5588 -0.3188  0.9348 -0.3284 V  L PHOENIX
 4.00  5000.  0.0  2.0  0.6628 -0.4293  1.0249 -0.3605 V  L PHOENIX
 4.50  5000.  0.0  2.0  0.6356 -0.5264  1.2093 -0.4427 V  L PHOENIX
 5.00  5000.  0.0  2.0  0.6358 -0.5678  1.2676 -0.4613 V  L PHOENIX
 3.50  5200.  0.0  2.0  0.5902 -0.3764  0.9801 -0.3599 V  L PHOENIX
 4.00  5200.  0.0  2.0  0.7034 -0.4920  1.0516 -0.3773 V  L PHOENIX
 4.50  5200.  0.0  2.0  0.6490 -0.5028  1.1497 -0.4323 V  L PHOENIX
 5.00  5200.  0.0  2.0  0.6379 -0.5168  1.1936 -0.4523 V  L PHOENIX
 3.50  5400.  0.0  2.0  0.6076 -0.3860  0.9516 -0.3513 V  L PHOENIX
 4.00  5400.  0.0  2.0  0.7356 -0.5374  1.0575 -0.3816 V  L PHOENIX
 4.50  5400.  0.0  2.0  0.6643 -0.4836  1.0807 -0.4093 V  L PHOENIX
 5.00  5400.  0.0  2.0  0.6475 -0.4811  1.1151 -0.4307 V  L PHOENIX
 3.50  5600.  0.0  2.0  0.6293 -0.4332  0.9852 -0.3703 V  L PHOENIX
 4.00  5600.  0.0  2.0  0.7642 -0.6014  1.1081 -0.4074 V  L PHOENIX
 4.50  5600.  0.0  2.0  0.6844 -0.5024  1.0697 -0.4099 V  L PHOENIX
 5.00  5600.  0.0  2.0  0.6890 -0.5922  1.2801 -0.5361 V  L PHOENIX
 3.50  5800.  0.0  2.0  0.6539 -0.5069  1.0626 -0.4088 V  L PHOENIX
 4.00  5800.  0.0  2.0  0.7934 -0.6819  1.1877 -0.4456 V  L PHOENIX
 4.50  5800.  0.0  2.0  0.7076 -0.5479  1.0989 -0.4267 V  L PHOENIX
 5.00  5800.  0.0  2.0  0.7082 -0.6177  1.2883 -0.5486 V  L PHOENIX
 3.50  7000.  0.0  2.0  0.7492 -0.9358  1.7135 -0.7739 V  L PHOENIX
 4.00  7000.  0.0  2.0  0.9295 -1.2431  1.9821 -0.8613 V  L PHOENIX
 4.50  7000.  0.0  2.0  0.8106 -0.9492  1.6783 -0.7612 V  L PHOENIX
 5.00  7000.  0.0  2.0  0.7897 -0.8924  1.6145 -0.7399 V  L PHOENIX
 3.50  7200.  0.0  2.0  0.7210 -0.8537  1.6477 -0.7703 V  L PHOENIX
 4.00  7200.  0.0  2.0  0.8651 -1.0252  1.7665 -0.8136 V  L PHOENIX
 4.50  7200.  0.0  2.0  0.7939 -0.9078  1.6529 -0.7693 V  L PHOENIX
 5.00  7200.  0.0  2.0  0.7772 -0.8653  1.5997 -0.7488 V  L PHOENIX
 3.50  7400.  0.0  2.0  0.6637 -0.7110  1.5340 -0.7532 V  L PHOENIX
 4.00  7400.  0.0  2.0  0.8190 -0.9253  1.7060 -0.8183 V  L PHOENIX
 4.50  7400.  0.0  2.0  0.7668 -0.8257  1.5761 -0.7566 V  L PHOENIX
 5.00  7400.  0.0  2.0  0.7565 -0.8083  1.5497 -0.7444 V  L PHOENIX
 3.50  7600.  0.0  2.0  0.6224 -0.5501  1.3323 -0.6811 V  L PHOENIX
 4.00  7600.  0.0  2.0  0.7848 -0.7993  1.5574 -0.7719 V  L PHOENIX
 4.50  7600.  0.0  2.0  0.7302 -0.7026  1.4434 -0.7200 V  L PHOENIX
 5.00  7600.  0.0  2.0  0.7263 -0.7145  1.4531 -0.7210 V  L PHOENIX
 3.50  7800.  0.0  2.0  0.5802 -0.3525  1.0470 -0.5593 V  L PHOENIX
 4.00  7800.  0.0  2.0  0.7440 -0.6314  1.3405 -0.6917 V  L PHOENIX
 4.50  7800.  0.0  2.0  0.6658 -0.5243  1.2729 -0.6754 V  L PHOENIX
 5.00  7800.  0.0  2.0  0.6883 -0.5851  1.3070 -0.6763 V  L PHOENIX
 3.50  8000.  0.0  2.0  0.5461 -0.1396  0.6885 -0.3862 V  L PHOENIX
 4.00  8000.  0.0  2.0  0.7092 -0.4687  1.1097 -0.5972 V  L PHOENIX
 4.50  8000.  0.0  2.0  0.6325 -0.3843  1.0856 -0.6051 V  L PHOENIX
 5.00  8000.  0.0  2.0  0.6306 -0.4123  1.1259 -0.6218 V  L PHOENIX
 3.50  8200.  0.0  2.0  0.5159  0.0769  0.2946 -0.1855 V  L PHOENIX
 4.00  8200.  0.0  2.0  0.7279 -0.5055  1.1114 -0.5828 V  L PHOENIX
 4.50  8200.  0.0  2.0  0.6025 -0.2391  0.8748 -0.5181 V  L PHOENIX
 5.00  8200.  0.0  2.0  0.5866 -0.2456  0.9144 -0.5436 V  L PHOENIX
 3.50  8400.  0.0  2.0  0.4707  0.3314 -0.0891 -0.0189 V  L PHOENIX
 4.00  8400.  0.0  2.0  0.6183 -0.0837  0.5705 -0.3634 V  L PHOENIX
 4.50  8400.  0.0  2.0  0.5894 -0.1411  0.7044 -0.4395 V  L PHOENIX
 5.00  8400.  0.0  2.0  0.5566 -0.1042  0.7108 -0.4605 V  L PHOENIX
 3.50  8600.  0.0  2.0  0.4867  0.3108 -0.0872 -0.0227 V  L PHOENIX
 4.00  8600.  0.0  2.0  0.6473 -0.0784  0.3969 -0.2331 V  L PHOENIX
 4.50  8600.  0.0  2.0  0.6115 -0.1853  0.7150 -0.4308 V  L PHOENIX
 5.00  8600.  0.0  2.0  0.5340  0.0232  0.5132 -0.3761 V  L PHOENIX
 3.50  8800.  0.0  2.0  0.5096  0.2730 -0.0843 -0.0173 V  L PHOENIX
 4.00  8800.  0.0  2.0  0.6984 -0.1619  0.3582 -0.1699 V  L PHOENIX
 4.50  8800.  0.0  2.0  0.5662  0.0486  0.3459 -0.2559 V  L PHOENIX
 5.00  8800.  0.0  2.0  0.5355  0.0689  0.4007 -0.3172 V  L PHOENIX
 3.50  9000.  0.0  2.0  0.5197  0.3606 -0.2606  0.0651 V  L PHOENIX
 4.00  9000.  0.0  2.0  0.7095 -0.1729  0.3502 -0.1750 V  L PHOENIX
 4.50  9000.  0.0  2.0  0.6356 -0.0549  0.2472 -0.1362 V  L PHOENIX
 5.00  9000.  0.0  2.0  0.6246 -0.1947  0.6342 -0.3763 V  L PHOENIX
 3.50  9200.  0.0  2.0  0.5570  0.2386 -0.1334  0.0163 V  L PHOENIX
 4.00  9200.  0.0  2.0  0.7138 -0.0971  0.1978 -0.1034 V  L PHOENIX
 4.50  9200.  0.0  2.0  0.6315 -0.0244  0.1909 -0.1149 V  L PHOENIX
 5.00  9200.  0.0  2.0  0.6190 -0.1003  0.4161 -0.2555 V  L PHOENIX
 3.50  9400.  0.0  2.0  0.6655 -0.0185  0.1095 -0.0696 V  L PHOENIX
 4.00  9400.  0.0  2.0  0.7074 -0.0674  0.1410 -0.0780 V  L PHOENIX
 4.50  9400.  0.0  2.0  0.6390 -0.0394  0.1883 -0.1125 V  L PHOENIX
 5.00  9400.  0.0  2.0  0.6298 -0.0582  0.2271 -0.1290 V  L PHOENIX
 3.50  9600.  0.0  2.0  0.6487 -0.0022  0.0962 -0.0671 V  L PHOENIX
 4.00  9600.  0.0  2.0  0.7101 -0.1083  0.1885 -0.0979 V  L PHOENIX
 4.50  9600.  0.0  2.0  0.6428 -0.0454  0.1745 -0.1039 V  L PHOENIX
 5.00  9600.  0.0  2.0  0.6451 -0.1339  0.3054 -0.1521 V  L PHOENIX
 3.50  9800.  0.0  2.0  0.6729 -0.0384  0.1066 -0.0662 V  L PHOENIX
 4.00  9800.  0.0  2.0  0.7216 -0.1388  0.2086 -0.1041 V  L PHOENIX
 4.50  9800.  0.0  2.0  0.6587 -0.0687  0.1736 -0.0991 V  L PHOENIX
 5.00  9800.  0.0  2.0  0.6405 -0.0615  0.1785 -0.1025 V  L PHOENIX
