 3.50  2000.  0.0  2.0 -0.2577  0.4109 -1.9505  2.0872 b  L PHOENIX
 4.00  2000.  0.0  2.0 -0.2404  0.5586 -1.6998  1.8820 b  L PHOENIX
 4.50  2000.  0.0  2.0 -0.2476  0.6043 -1.6097  1.7657 b  L PHOENIX
 5.00  2000.  0.0  2.0 -0.1569  0.4126 -0.8422  1.2927 b  L PHOENIX
 3.50  2200.  0.0  2.0 -0.0851  0.6554 -0.4714  1.2155 b  L PHOENIX
 4.00  2200.  0.0  2.0 -0.0453  0.2876 -0.1015  0.9450 b  L PHOENIX
 4.50  2200.  0.0  2.0 -0.0799  0.4638 -0.4672  1.1243 b  L PHOENIX
 5.00  2200.  0.0  2.0 -0.0904  0.5947 -0.3858  1.0007 b  L PHOENIX
 3.50  2400.  0.0  2.0  0.0136  1.5538  0.9143  0.2094 b  L PHOENIX
 4.00  2400.  0.0  2.0  0.0035  1.1532  0.9246  0.1187 b  L PHOENIX
 4.50  2400.  0.0  2.0  0.0403  0.5772  0.8851  0.1843 b  L PHOENIX
 5.00  2400.  0.0  2.0  0.0520  0.6788  0.6940  0.2971 b  L PHOENIX
 3.50  2600.  0.0  2.0 -0.0622  1.8161  0.7673 -0.2118 b  L PHOENIX
 4.00  2600.  0.0  2.0 -0.0406  1.7200  0.8534 -0.1979 b  L PHOENIX
 4.50  2600.  0.0  2.0  0.0020  1.2704  0.9406 -0.2192 b  L PHOENIX
 5.00  2600.  0.0  2.0  0.1024  0.6703  1.2920 -0.2925 b  L PHOENIX
 3.50  2800.  0.0  2.0  0.0276  1.0128 -0.2184  0.0572 b  L PHOENIX
 4.00  2800.  0.0  2.0  0.0166  1.2744  0.2394 -0.1200 b  L PHOENIX
 4.50  2800.  0.0  2.0  0.0041  1.2508  0.2376 -0.1410 b  L PHOENIX
 5.00  2800.  0.0  2.0  0.0323  0.9988  0.6586 -0.3011 b  L PHOENIX
 3.50  3000.  0.0  2.0  0.2442  0.4347 -0.3036  0.1390 b  L PHOENIX
 4.00  3000.  0.0  2.0  0.2510  0.2057 -0.4526  0.1208 b  L PHOENIX
 4.50  3000.  0.0  2.0  0.2002  0.3117 -0.5576  0.1277 b  L PHOENIX
 5.00  3000.  0.0  2.0  0.0914  0.7044 -0.3311  0.0094 b  L PHOENIX
 3.50  3200.  0.0  2.0  0.2899  0.1966 -0.3139  0.2988 b  L PHOENIX
 4.00  3200.  0.0  2.0  0.3729 -0.0773 -0.2610  0.0800 b  L PHOENIX
 4.50  3200.  0.0  2.0  0.3921 -0.1512 -0.5417  0.1406 b  L PHOENIX
 5.00  3200.  0.0  2.0  0.3501  0.0038 -0.7680  0.2061 b  L PHOENIX
 3.50  3400.  0.0  2.0  0.0978  0.3072 -1.3824  1.0995 b  L PHOENIX
 4.00  3400.  0.0  2.0  0.3637 -0.1177  0.1137  0.0106 b  L PHOENIX
 4.50  3400.  0.0  2.0  0.4161 -0.2806 -0.4010  0.0913 b  L PHOENIX
 5.00  3400.  0.0  2.0  0.4786 -0.2947 -0.7502  0.2173 b  L PHOENIX
 3.50  3600.  0.0  2.0  0.0879  0.5102 -1.2317  1.2890 b  L PHOENIX
 4.00  3600.  0.0  2.0  0.3467  0.0555  0.2713  0.1801 b  L PHOENIX
 4.50  3600.  0.0  2.0  0.3882 -0.1096  0.0376 -0.0719 b  L PHOENIX
 5.00  3600.  0.0  2.0  0.4526 -0.1892 -0.7138  0.1988 b  L PHOENIX
 3.50  3800.  0.0  2.0  0.3581  0.3757  0.4338  0.5865 b  L PHOENIX
 4.00  3800.  0.0  2.0  0.4157  0.1151  0.4471  0.3088 b  L PHOENIX
 4.50  3800.  0.0  2.0  0.4916 -0.1826  0.6175 -0.1731 b  L PHOENIX
 5.00  3800.  0.0  2.0  0.5192 -0.1462 -0.2778  0.0511 b  L PHOENIX
 3.50  4000.  0.0  2.0  0.6467 -0.7156  1.3390 -0.2797 b  L PHOENIX
 4.00  4000.  0.0  2.0  0.5304 -0.3863  0.9029 -0.0301 b  L PHOENIX
 4.50  4000.  0.0  2.0  0.5886 -0.5496  0.9317 -0.1010 b  L PHOENIX
 5.00  4000.  0.0  2.0  0.6017 -0.5210  0.2926 -0.0941 b  L PHOENIX
 3.50  4200.  0.0  2.0  0.7451 -0.9113  1.6286 -0.4236 b  L PHOENIX
 4.00  4200.  0.0  2.0  0.5627 -0.5839  1.0833 -0.1696 b  L PHOENIX
 4.50  4200.  0.0  2.0  0.5084 -0.5330  1.1414 -0.1645 b  L PHOENIX
 5.00  4200.  0.0  2.0  0.6079 -0.7233  0.7757 -0.1399 b  L PHOENIX
 3.50  4400.  0.0  2.0  0.5643 -0.8926  1.1249 -0.2355 b  L PHOENIX
 4.00  4400.  0.0  2.0  0.5584 -0.5496  1.0224 -0.1900 b  L PHOENIX
 4.50  4400.  0.0  2.0  0.6667 -0.9584  1.3235 -0.2852 b  L PHOENIX
 5.00  4400.  0.0  2.0  0.6413 -0.9526  1.4003 -0.3112 b  L PHOENIX
 3.50  4600.  0.0  2.0  0.4900 -0.9444  0.9473 -0.1581 b  L PHOENIX
 4.00  4600.  0.0  2.0  0.5080 -0.5493  0.7597 -0.0890 b  L PHOENIX
 4.50  4600.  0.0  2.0  0.6472 -0.9986  1.2391 -0.2525 b  L PHOENIX
 5.00  4600.  0.0  2.0  0.6309 -1.0732  1.2384 -0.2373 b  L PHOENIX
 3.50  4800.  0.0  2.0  0.5258 -1.0887  1.3048 -0.3623 b  L PHOENIX
 4.00  4800.  0.0  2.0  0.4535 -0.5178  0.5256  0.0256 b  L PHOENIX
 4.50  4800.  0.0  2.0  0.6209 -1.0014  1.2630 -0.2839 b  L PHOENIX
 5.00  4800.  0.0  2.0  0.6710 -1.1340  1.5356 -0.3955 b  L PHOENIX
 3.50  5000.  0.0  2.0  0.6168 -1.1255  1.3047 -0.3388 b  L PHOENIX
 4.00  5000.  0.0  2.0  0.6497 -0.8400  1.3159 -0.3465 b  L PHOENIX
 4.50  5000.  0.0  2.0  0.6761 -1.1434  1.5999 -0.4801 b  L PHOENIX
 5.00  5000.  0.0  2.0  0.6837 -1.1899  1.7343 -0.5469 b  L PHOENIX
 3.50  5200.  0.0  2.0  0.6178 -1.1936  1.4413 -0.4520 b  L PHOENIX
 4.00  5200.  0.0  2.0  0.6659 -0.9809  1.4576 -0.4576 b  L PHOENIX
 4.50  5200.  0.0  2.0  0.6720 -1.2127  1.6492 -0.5514 b  L PHOENIX
 5.00  5200.  0.0  2.0  0.6686 -1.2344  1.7141 -0.5899 b  L PHOENIX
 3.50  5400.  0.0  2.0  0.6035 -1.1642  1.3991 -0.4686 b  L PHOENIX
 4.00  5400.  0.0  2.0  0.6743 -1.0476  1.4522 -0.4896 b  L PHOENIX
 4.50  5400.  0.0  2.0  0.6657 -1.2375  1.5970 -0.5649 b  L PHOENIX
 5.00  5400.  0.0  2.0  0.6614 -1.2617  1.6487 -0.5973 b  L PHOENIX
 3.50  5600.  0.0  2.0  0.6069 -1.1507  1.4149 -0.5031 b  L PHOENIX
 4.00  5600.  0.0  2.0  0.6916 -1.0956  1.4805 -0.5282 b  L PHOENIX
 4.50  5600.  0.0  2.0  0.6680 -1.2451  1.5644 -0.5796 b  L PHOENIX
 5.00  5600.  0.0  2.0  0.6777 -1.3309  1.7804 -0.7213 b  L PHOENIX
 3.50  5800.  0.0  2.0  0.6267 -1.1909  1.5051 -0.5653 b  L PHOENIX
 4.00  5800.  0.0  2.0  0.7220 -1.1323  1.5668 -0.5860 b  L PHOENIX
 4.50  5800.  0.0  2.0  0.6822 -1.2551  1.5758 -0.6069 b  L PHOENIX
 5.00  5800.  0.0  2.0  0.6817 -1.3177  1.7485 -0.7360 b  L PHOENIX
 3.50  7000.  0.0  2.0  0.6765 -1.0507  2.2016 -1.0606 b  L PHOENIX
 4.00  7000.  0.0  2.0  0.8354 -1.2463  2.4029 -1.1173 b  L PHOENIX
 4.50  7000.  0.0  2.0  0.7257 -1.0339  1.9471 -0.9381 b  L PHOENIX
 5.00  7000.  0.0  2.0  0.7123 -1.0446  1.8307 -0.8889 b  L PHOENIX
 3.50  7200.  0.0  2.0  0.6063 -0.6545  1.9834 -1.0115 b  L PHOENIX
 4.00  7200.  0.0  2.0  0.7166 -0.6815  1.9118 -0.9637 b  L PHOENIX
 4.50  7200.  0.0  2.0  0.6877 -0.8333  1.8409 -0.9240 b  L PHOENIX
 5.00  7200.  0.0  2.0  0.6845 -0.9160  1.7537 -0.8803 b  L PHOENIX
 3.50  7400.  0.0  2.0  0.4914 -0.0949  1.6240 -0.9062 b  L PHOENIX
 4.00  7400.  0.0  2.0  0.6255 -0.2719  1.6570 -0.9004 b  L PHOENIX
 4.50  7400.  0.0  2.0  0.6317 -0.5451  1.6440 -0.8721 b  L PHOENIX
 5.00  7400.  0.0  2.0  0.6427 -0.7155  1.6147 -0.8472 b  L PHOENIX
 3.50  7600.  0.0  2.0  0.3985  0.4499  1.1726 -0.7364 b  L PHOENIX
 4.00  7600.  0.0  2.0  0.5490  0.1686  1.3046 -0.7782 b  L PHOENIX
 4.50  7600.  0.0  2.0  0.5597 -0.1722  1.3496 -0.7774 b  L PHOENIX
 5.00  7600.  0.0  2.0  0.5859 -0.4363  1.3982 -0.7817 b  L PHOENIX
 3.50  7800.  0.0  2.0  0.3250  0.8943  0.7000 -0.5308 b  L PHOENIX
 4.00  7800.  0.0  2.0  0.4677  0.6454  0.8712 -0.6124 b  L PHOENIX
 4.50  7800.  0.0  2.0  0.4473  0.3268  0.9428 -0.6414 b  L PHOENIX
 5.00  7800.  0.0  2.0  0.5164 -0.0818  1.0998 -0.6799 b  L PHOENIX
 3.50  8000.  0.0  2.0  0.2892  1.1125  0.2453 -0.2899 b  L PHOENIX
 4.00  8000.  0.0  2.0  0.4028  1.0590  0.4545 -0.4404 b  L PHOENIX
 4.50  8000.  0.0  2.0  0.3784  0.7487  0.5578 -0.4921 b  L PHOENIX
 5.00  8000.  0.0  2.0  0.4179  0.3707  0.7109 -0.5436 b  L PHOENIX
 3.50  8200.  0.0  2.0  0.3076  0.8551 -0.0237 -0.1082 b  L PHOENIX
 4.00  8200.  0.0  2.0  0.4062  1.2031  0.4038 -0.4089 b  L PHOENIX
 4.50  8200.  0.0  2.0  0.3224  1.1270  0.1788 -0.3350 b  L PHOENIX
 5.00  8200.  0.0  2.0  0.3419  0.8008  0.3138 -0.3896 b  L PHOENIX
 3.50  8400.  0.0  2.0  0.3069  1.0013 -0.3069  0.0168 b  L PHOENIX
 4.00  8400.  0.0  2.0  0.2908  1.6701 -0.3107 -0.0947 b  L PHOENIX
 4.50  8400.  0.0  2.0  0.2958  1.3930 -0.1084 -0.2043 b  L PHOENIX
 5.00  8400.  0.0  2.0  0.2887  1.1798 -0.0484 -0.2399 b  L PHOENIX
 3.50  8600.  0.0  2.0  0.2905  1.2212 -0.5429  0.1142 b  L PHOENIX
 4.00  8600.  0.0  2.0  0.3896  1.1057 -0.2440 -0.0245 b  L PHOENIX
 4.50  8600.  0.0  2.0  0.3031  1.5217 -0.1792 -0.1614 b  L PHOENIX
 5.00  8600.  0.0  2.0  0.2493  1.5246 -0.3929 -0.0912 b  L PHOENIX
 3.50  8800.  0.0  2.0  0.3159  1.2216 -0.6000  0.1471 b  L PHOENIX
 4.00  8800.  0.0  2.0  0.5450  0.5429  0.2000 -0.1669 b  L PHOENIX
 4.50  8800.  0.0  2.0  0.2929  1.5688 -0.4953  0.0181 b  L PHOENIX
 5.00  8800.  0.0  2.0  0.2500  1.6882 -0.5653 -0.0031 b  L PHOENIX
 3.50  9000.  0.0  2.0  0.3608  1.1343 -0.7107  0.2099 b  L PHOENIX
 4.00  9000.  0.0  2.0  0.5132  0.8240 -0.1611 -0.0117 b  L PHOENIX
 4.50  9000.  0.0  2.0  0.4872  0.5601 -0.0789 -0.0382 b  L PHOENIX
 5.00  9000.  0.0  2.0  0.3612  1.4229 -0.1612 -0.1407 b  L PHOENIX
 3.50  9200.  0.0  2.0  0.3868  1.0917 -0.6647  0.1954 b  L PHOENIX
 4.00  9200.  0.0  2.0  0.5501  0.7841 -0.2528  0.0407 b  L PHOENIX
 4.50  9200.  0.0  2.0  0.4904  0.7218 -0.1785 -0.0016 b  L PHOENIX
 5.00  9200.  0.0  2.0  0.4002  1.2809 -0.2728 -0.0366 b  L PHOENIX
 3.50  9400.  0.0  2.0  0.4800  0.9812 -0.4686  0.1266 b  L PHOENIX
 4.00  9400.  0.0  2.0  0.5628  0.7472 -0.2963  0.0643 b  L PHOENIX
 4.50  9400.  0.0  2.0  0.5000  0.7800 -0.2342  0.0232 b  L PHOENIX
 5.00  9400.  0.0  2.0  0.5027  0.6350 -0.1046 -0.0283 b  L PHOENIX
 3.50  9600.  0.0  2.0  0.4639  1.0946 -0.5079  0.1401 b  L PHOENIX
 4.00  9600.  0.0  2.0  0.5658  0.7493 -0.2863  0.0596 b  L PHOENIX
 4.50  9600.  0.0  2.0  0.5137  0.7689 -0.2578  0.0365 b  L PHOENIX
 5.00  9600.  0.0  2.0  0.5492  0.5484  0.1530 -0.1437 b  L PHOENIX
 3.50  9800.  0.0  2.0  0.4946  1.1208 -0.4815  0.1350 b  L PHOENIX
 4.00  9800.  0.0  2.0  0.5824  0.7667 -0.2746  0.0572 b  L PHOENIX
 4.50  9800.  0.0  2.0  0.5405  0.7390 -0.2553  0.0408 b  L PHOENIX
 5.00  9800.  0.0  2.0  0.5389  0.6637 -0.1524 -0.0046 b  L PHOENIX
