 3.50  2000.  0.0  2.0 -0.1658  0.7376 -1.0954  1.5062 g, L PHOENIX
 4.00  2000.  0.0  2.0 -0.1391  0.6690 -0.7868  1.2426 g, L PHOENIX
 4.50  2000.  0.0  2.0 -0.1274  0.6571 -0.5969  1.0543 g, L PHOENIX
 5.00  2000.  0.0  2.0 -0.0895  0.5428 -0.2453  0.7823 g, L PHOENIX
 3.50  2200.  0.0  2.0 -0.0219  0.1044  0.1185  0.7937 g, L PHOENIX
 4.00  2200.  0.0  2.0  0.0024  0.0782  0.3325  0.5845 g, L PHOENIX
 4.50  2200.  0.0  2.0 -0.0176  0.2475  0.1269  0.6400 g, L PHOENIX
 5.00  2200.  0.0  2.0 -0.0314  0.3603  0.1210  0.5460 g, L PHOENIX
 3.50  2400.  0.0  2.0  0.0136 -0.0809  1.0442  0.0207 g, L PHOENIX
 4.00  2400.  0.0  2.0  0.0337 -0.0498  1.0882 -0.0724 g, L PHOENIX
 4.50  2400.  0.0  2.0  0.0661 -0.0561  1.0020 -0.0094 g, L PHOENIX
 5.00  2400.  0.0  2.0  0.0628  0.1050  0.7431  0.0920 g, L PHOENIX
 3.50  2600.  0.0  2.0 -0.1053  0.8870  0.2935 -0.0850 g, L PHOENIX
 4.00  2600.  0.0  2.0 -0.0383  0.5668  0.6648 -0.1991 g, L PHOENIX
 4.50  2600.  0.0  2.0  0.0335  0.3941  0.8192 -0.2481 g, L PHOENIX
 5.00  2600.  0.0  2.0  0.1131  0.1668  0.9825 -0.2586 g, L PHOENIX
 3.50  2800.  0.0  2.0  0.1231  1.1717 -0.4257  0.1327 g, L PHOENIX
 4.00  2800.  0.0  2.0  0.0716  0.9883 -0.0242 -0.0393 g, L PHOENIX
 4.50  2800.  0.0  2.0  0.0569  1.0153 -0.0115 -0.0666 g, L PHOENIX
 5.00  2800.  0.0  2.0  0.1066  0.6921  0.4254 -0.2296 g, L PHOENIX
 3.50  3000.  0.0  2.0  0.3813  0.8060 -0.3245  0.1434 g, L PHOENIX
 4.00  3000.  0.0  2.0  0.4056  0.9054 -0.4329  0.1253 g, L PHOENIX
 4.50  3000.  0.0  2.0  0.3345  1.0951 -0.5816  0.1488 g, L PHOENIX
 5.00  3000.  0.0  2.0  0.2083  1.1341 -0.4029  0.0467 g, L PHOENIX
 3.50  3200.  0.0  2.0  0.4254  0.5942 -0.2715  0.2509 g, L PHOENIX
 4.00  3200.  0.0  2.0  0.5232  0.5972 -0.1817  0.0565 g, L PHOENIX
 4.50  3200.  0.0  2.0  0.5368  0.7808 -0.4463  0.1188 g, L PHOENIX
 5.00  3200.  0.0  2.0  0.4830  0.9935 -0.6856  0.1914 g, L PHOENIX
 3.50  3400.  0.0  2.0  0.2846  0.7941 -0.8716  0.7726 g, L PHOENIX
 4.00  3400.  0.0  2.0  0.4697  0.3960  0.1219 -0.0122 g, L PHOENIX
 4.50  3400.  0.0  2.0  0.5171  0.7330 -0.3769  0.0931 g, L PHOENIX
 5.00  3400.  0.0  2.0  0.5825  0.8440 -0.6630  0.2002 g, L PHOENIX
 3.50  3600.  0.0  2.0  0.2667  0.3699 -0.4901  0.8198 g, L PHOENIX
 4.00  3600.  0.0  2.0  0.3782  0.2287  0.2204  0.1213 g, L PHOENIX
 4.50  3600.  0.0  2.0  0.3905  0.7096 -0.1968  0.0238 g, L PHOENIX
 5.00  3600.  0.0  2.0  0.4825  0.9732 -0.7604  0.2275 g, L PHOENIX
 3.50  3800.  0.0  2.0  0.3889 -0.4214  0.5713  0.4335 g, L PHOENIX
 4.00  3800.  0.0  2.0  0.4232 -0.1509  0.4573  0.2122 g, L PHOENIX
 4.50  3800.  0.0  2.0  0.4703  0.1353  0.4326 -0.1223 g, L PHOENIX
 5.00  3800.  0.0  2.0  0.5078  0.6613 -0.3537  0.0798 g, L PHOENIX
 3.50  4000.  0.0  2.0  0.6278 -0.7340  1.2659 -0.2509 g, L PHOENIX
 4.00  4000.  0.0  2.0  0.5643 -0.4803  0.9220 -0.0700 g, L PHOENIX
 4.50  4000.  0.0  2.0  0.6218 -0.5075  0.9445 -0.1399 g, L PHOENIX
 5.00  4000.  0.0  2.0  0.6304  0.0064  0.3995 -0.1480 g, L PHOENIX
 3.50  4200.  0.0  2.0  0.6667 -0.8326  1.3651 -0.3129 g, L PHOENIX
 4.00  4200.  0.0  2.0  0.6041 -0.5813  1.0872 -0.1707 g, L PHOENIX
 4.50  4200.  0.0  2.0  0.5135 -0.5003  1.0716 -0.1533 g, L PHOENIX
 5.00  4200.  0.0  2.0  0.6443 -0.3824  0.8289 -0.1872 g, L PHOENIX
 3.50  4400.  0.0  2.0  0.6030 -0.6708  1.2524 -0.3089 g, L PHOENIX
 4.00  4400.  0.0  2.0  0.6066 -0.5389  1.0774 -0.2019 g, L PHOENIX
 4.50  4400.  0.0  2.0  0.7146 -0.8414  1.3549 -0.3061 g, L PHOENIX
 5.00  4400.  0.0  2.0  0.6903 -0.8385  1.3951 -0.3266 g, L PHOENIX
 3.50  4600.  0.0  2.0  0.6059 -0.6417  1.2322 -0.3287 g, L PHOENIX
 4.00  4600.  0.0  2.0  0.5867 -0.4554  1.0328 -0.2222 g, L PHOENIX
 4.50  4600.  0.0  2.0  0.7424 -0.8894  1.4398 -0.3726 g, L PHOENIX
 5.00  4600.  0.0  2.0  0.7398 -0.8968  1.4406 -0.3709 g, L PHOENIX
 3.50  4800.  0.0  2.0  0.6255 -0.6909  1.3316 -0.4024 g, L PHOENIX
 4.00  4800.  0.0  2.0  0.5682 -0.3379  0.9202 -0.2068 g, L PHOENIX
 4.50  4800.  0.0  2.0  0.7278 -0.8127  1.3837 -0.3815 g, L PHOENIX
 5.00  4800.  0.0  2.0  0.7715 -0.9483  1.5095 -0.4256 g, L PHOENIX
 3.50  5000.  0.0  2.0  0.7292 -0.8170  1.3616 -0.3919 g, L PHOENIX
 4.00  5000.  0.0  2.0  0.7429 -0.7254  1.2643 -0.3561 g, L PHOENIX
 4.50  5000.  0.0  2.0  0.7745 -0.9184  1.4995 -0.4505 g, L PHOENIX
 5.00  5000.  0.0  2.0  0.7766 -0.9493  1.5351 -0.4638 g, L PHOENIX
 3.50  5200.  0.0  2.0  0.7322 -0.8356  1.4285 -0.4526 g, L PHOENIX
 4.00  5200.  0.0  2.0  0.7687 -0.7944  1.3613 -0.4183 g, L PHOENIX
 4.50  5200.  0.0  2.0  0.7755 -0.9203  1.5316 -0.4895 g, L PHOENIX
 5.00  5200.  0.0  2.0  0.7704 -0.9308  1.5453 -0.4933 g, L PHOENIX
 3.50  5400.  0.0  2.0  0.7125 -0.7707  1.3671 -0.4469 g, L PHOENIX
 4.00  5400.  0.0  2.0  0.7751 -0.7955  1.3688 -0.4399 g, L PHOENIX
 4.50  5400.  0.0  2.0  0.7661 -0.8774  1.4980 -0.4974 g, L PHOENIX
 5.00  5400.  0.0  2.0  0.7624 -0.9001  1.5345 -0.5121 g, L PHOENIX
 3.50  5600.  0.0  2.0  0.7046 -0.7519  1.3641 -0.4630 g, L PHOENIX
 4.00  5600.  0.0  2.0  0.7823 -0.8130  1.4041 -0.4725 g, L PHOENIX
 4.50  5600.  0.0  2.0  0.7630 -0.8591  1.4957 -0.5175 g, L PHOENIX
 5.00  5600.  0.0  2.0  0.7794 -0.9732  1.7136 -0.6415 g, L PHOENIX
 3.50  5800.  0.0  2.0  0.7083 -0.7813  1.4245 -0.5048 g, L PHOENIX
 4.00  5800.  0.0  2.0  0.7973 -0.8628  1.4813 -0.5218 g, L PHOENIX
 4.50  5800.  0.0  2.0  0.7688 -0.8730  1.5326 -0.5531 g, L PHOENIX
 5.00  5800.  0.0  2.0  0.7804 -0.9686  1.7397 -0.6804 g, L PHOENIX
 3.50  7000.  0.0  2.0  0.7241 -1.0523  2.1404 -1.0009 g, L PHOENIX
 4.00  7000.  0.0  2.0  0.8778 -1.2993  2.3345 -1.0537 g, L PHOENIX
 4.50  7000.  0.0  2.0  0.7801 -0.9995  1.9607 -0.9094 g, L PHOENIX
 5.00  7000.  0.0  2.0  0.7678 -0.9361  1.8560 -0.8642 g, L PHOENIX
 3.50  7200.  0.0  2.0  0.6612 -0.8537  1.9603 -0.9663 g, L PHOENIX
 4.00  7200.  0.0  2.0  0.7740 -0.9252  1.9331 -0.9392 g, L PHOENIX
 4.50  7200.  0.0  2.0  0.7439 -0.8886  1.8703 -0.9029 g, L PHOENIX
 5.00  7200.  0.0  2.0  0.7405 -0.8545  1.7896 -0.8608 g, L PHOENIX
 3.50  7400.  0.0  2.0  0.5578 -0.5454  1.6597 -0.8846 g, L PHOENIX
 4.00  7400.  0.0  2.0  0.6942 -0.6975  1.7279 -0.8953 g, L PHOENIX
 4.50  7400.  0.0  2.0  0.6916 -0.7139  1.6948 -0.8600 g, L PHOENIX
 5.00  7400.  0.0  2.0  0.7018 -0.7308  1.6714 -0.8371 g, L PHOENIX
 3.50  7600.  0.0  2.0  0.4731 -0.2211  1.2612 -0.7380 g, L PHOENIX
 4.00  7600.  0.0  2.0  0.6248 -0.4339  1.4163 -0.7901 g, L PHOENIX
 4.50  7600.  0.0  2.0  0.6252 -0.4770  1.4308 -0.7776 g, L PHOENIX
 5.00  7600.  0.0  2.0  0.6491 -0.5516  1.4796 -0.7823 g, L PHOENIX
 3.50  7800.  0.0  2.0  0.4027  0.0928  0.8206 -0.5491 g, L PHOENIX
 4.00  7800.  0.0  2.0  0.5501 -0.1275  1.0265 -0.6430 g, L PHOENIX
 4.50  7800.  0.0  2.0  0.5242 -0.1534  1.0809 -0.6645 g, L PHOENIX
 5.00  7800.  0.0  2.0  0.5845 -0.3185  1.2103 -0.6926 g, L PHOENIX
 3.50  8000.  0.0  2.0  0.3631  0.3459  0.3729 -0.3187 g, L PHOENIX
 4.00  8000.  0.0  2.0  0.4892  0.1503  0.6443 -0.4869 g, L PHOENIX
 4.50  8000.  0.0  2.0  0.4611  0.1119  0.7343 -0.5315 g, L PHOENIX
 5.00  8000.  0.0  2.0  0.4955 -0.0195  0.8708 -0.5763 g, L PHOENIX
 3.50  8200.  0.0  2.0  0.3674  0.4601  0.0667 -0.1312 g, L PHOENIX
 4.00  8200.  0.0  2.0  0.4931  0.1653  0.5904 -0.4531 g, L PHOENIX
 4.50  8200.  0.0  2.0  0.4088  0.3589  0.3880 -0.3889 g, L PHOENIX
 5.00  8200.  0.0  2.0  0.4256  0.2587  0.5142 -0.4396 g, L PHOENIX
 3.50  8400.  0.0  2.0  0.3510  0.6585 -0.2677  0.0160 g, L PHOENIX
 4.00  8400.  0.0  2.0  0.3779  0.6560 -0.0860 -0.1605 g, L PHOENIX
 4.50  8400.  0.0  2.0  0.3828  0.5257  0.1197 -0.2676 g, L PHOENIX
 5.00  8400.  0.0  2.0  0.3763  0.4917  0.1869 -0.3052 g, L PHOENIX
 3.50  8600.  0.0  2.0  0.3443  0.7588 -0.4419  0.0881 g, L PHOENIX
 4.00  8600.  0.0  2.0  0.4574  0.4899 -0.0870 -0.0727 g, L PHOENIX
 4.50  8600.  0.0  2.0  0.3923  0.5346  0.0621 -0.2303 g, L PHOENIX
 5.00  8600.  0.0  2.0  0.3398  0.6971 -0.1229 -0.1724 g, L PHOENIX
 3.50  8800.  0.0  2.0  0.3698  0.7410 -0.4827  0.1151 g, L PHOENIX
 4.00  8800.  0.0  2.0  0.5814  0.1501  0.2090 -0.1518 g, L PHOENIX
 4.50  8800.  0.0  2.0  0.3715  0.7086 -0.2721 -0.0499 g, L PHOENIX
 5.00  8800.  0.0  2.0  0.3395  0.7707 -0.2812 -0.0920 g, L PHOENIX
 3.50  9000.  0.0  2.0  0.4088  0.7573 -0.5959  0.1780 g, L PHOENIX
 4.00  9000.  0.0  2.0  0.5654  0.2960 -0.0430 -0.0445 g, L PHOENIX
 4.50  9000.  0.0  2.0  0.5327  0.2754  0.0144 -0.0638 g, L PHOENIX
 5.00  9000.  0.0  2.0  0.4423  0.4355  0.0679 -0.2050 g, L PHOENIX
 3.50  9200.  0.0  2.0  0.4389  0.6680 -0.5140  0.1479 g, L PHOENIX
 4.00  9200.  0.0  2.0  0.5962  0.3087 -0.1382  0.0084 g, L PHOENIX
 4.50  9200.  0.0  2.0  0.5329  0.3244 -0.0769 -0.0294 g, L PHOENIX
 5.00  9200.  0.0  2.0  0.4682  0.4381 -0.0703 -0.0978 g, L PHOENIX
 3.50  9400.  0.0  2.0  0.5318  0.4477 -0.3070  0.0735 g, L PHOENIX
 4.00  9400.  0.0  2.0  0.6060  0.3069 -0.1708  0.0263 g, L PHOENIX
 4.50  9400.  0.0  2.0  0.5432  0.3241 -0.1083 -0.0149 g, L PHOENIX
 5.00  9400.  0.0  2.0  0.5454  0.2463  0.0095 -0.0627 g, L PHOENIX
 3.50  9600.  0.0  2.0  0.5146  0.4748 -0.3372  0.0820 g, L PHOENIX
 4.00  9600.  0.0  2.0  0.6094  0.2769 -0.1407  0.0121 g, L PHOENIX
 4.50  9600.  0.0  2.0  0.5549  0.3099 -0.1195 -0.0079 g, L PHOENIX
 5.00  9600.  0.0  2.0  0.5800  0.0978  0.2063 -0.1481 g, L PHOENIX
 3.50  9800.  0.0  2.0  0.5409  0.4312 -0.3192  0.0791 g, L PHOENIX
 4.00  9800.  0.0  2.0  0.6232  0.2471 -0.1247  0.0065 g, L PHOENIX
 4.50  9800.  0.0  2.0  0.5777  0.2774 -0.1149 -0.0059 g, L PHOENIX
 5.00  9800.  0.0  2.0  0.5720  0.2329 -0.0399 -0.0389 g, L PHOENIX
