 3.50  2000.  0.0  2.0  0.1014  0.5368  0.2884  0.0739 i, L PHOENIX
 4.00  2000.  0.0  2.0  0.1296  0.5923  0.2037  0.0755 i, L PHOENIX
 4.50  2000.  0.0  2.0  0.1513  0.6001  0.1586  0.0917 i, L PHOENIX
 5.00  2000.  0.0  2.0  0.1800  0.5666  0.1531  0.1027 i, L PHOENIX
 3.50  2200.  0.0  2.0  0.0778  0.5902  0.2257  0.1050 i, L PHOENIX
 4.00  2200.  0.0  2.0  0.1071  0.6766  0.0903  0.1253 i, L PHOENIX
 4.50  2200.  0.0  2.0  0.1255  0.7002  0.0031  0.1705 i, L PHOENIX
 5.00  2200.  0.0  2.0  0.1601  0.6500  0.0078  0.1822 i, L PHOENIX
 3.50  2400.  0.0  2.0  0.1167  0.5850  0.2658  0.0340 i, L PHOENIX
 4.00  2400.  0.0  2.0  0.1722  0.5993  0.1837  0.0483 i, L PHOENIX
 4.50  2400.  0.0  2.0  0.1982  0.5824  0.1268  0.0962 i, L PHOENIX
 5.00  2400.  0.0  2.0  0.2316  0.5360  0.1039  0.1318 i, L PHOENIX
 3.50  2600.  0.0  2.0  0.2717  0.6279  0.2563 -0.1524 i, L PHOENIX
 4.00  2600.  0.0  2.0  0.3365  0.4039  0.4635 -0.1960 i, L PHOENIX
 4.50  2600.  0.0  2.0  0.3935  0.2952  0.5336 -0.2131 i, L PHOENIX
 5.00  2600.  0.0  2.0  0.4332  0.1220  0.7005 -0.2461 i, L PHOENIX
 3.50  2800.  0.0  2.0  0.5834  0.6347 -0.2800  0.0578 i, L PHOENIX
 4.00  2800.  0.0  2.0  0.5434  0.4279  0.1626 -0.1403 i, L PHOENIX
 4.50  2800.  0.0  2.0  0.5224  0.4582  0.1642 -0.1529 i, L PHOENIX
 5.00  2800.  0.0  2.0  0.5296  0.3067  0.3899 -0.2364 i, L PHOENIX
 3.50  3000.  0.0  2.0  0.8901  0.0324  0.0899 -0.0303 i, L PHOENIX
 4.00  3000.  0.0  2.0  0.8879  0.1455 -0.0653  0.0050 i, L PHOENIX
 4.50  3000.  0.0  2.0  0.8042  0.3562 -0.2514  0.0575 i, L PHOENIX
 5.00  3000.  0.0  2.0  0.6659  0.5135 -0.2498  0.0307 i, L PHOENIX
 3.50  3200.  0.0  2.0  0.9029 -0.1952  0.3139 -0.0616 i, L PHOENIX
 4.00  3200.  0.0  2.0  0.9653 -0.1380  0.1853 -0.0681 i, L PHOENIX
 4.50  3200.  0.0  2.0  0.9961 -0.0723  0.0296 -0.0150 i, L PHOENIX
 5.00  3200.  0.0  2.0  0.9645  0.0476 -0.1128  0.0346 i, L PHOENIX
 3.50  3400.  0.0  2.0  0.7653 -0.2088  0.3312  0.0423 i, L PHOENIX
 4.00  3400.  0.0  2.0  0.8097 -0.1312  0.3406 -0.1162 i, L PHOENIX
 4.50  3400.  0.0  2.0  0.8971 -0.0297  0.0502 -0.0259 i, L PHOENIX
 5.00  3400.  0.0  2.0  0.9961 -0.0995 -0.0130  0.0086 i, L PHOENIX
 3.50  3600.  0.0  2.0  0.6825 -0.6055  0.9737 -0.1484 i, L PHOENIX
 4.00  3600.  0.0  2.0  0.6949 -0.3541  0.7322 -0.2045 i, L PHOENIX
 4.50  3600.  0.0  2.0  0.7078  0.0457  0.1847 -0.0973 i, L PHOENIX
 5.00  3600.  0.0  2.0  0.8141  0.1310 -0.1506  0.0403 i, L PHOENIX
 3.50  3800.  0.0  2.0  0.6808 -1.0421  1.7119 -0.4438 i, L PHOENIX
 4.00  3800.  0.0  2.0  0.6845 -0.6600  1.1402 -0.2977 i, L PHOENIX
 4.50  3800.  0.0  2.0  0.6856 -0.2543  0.6540 -0.2524 i, L PHOENIX
 5.00  3800.  0.0  2.0  0.7474  0.0799  0.0203 -0.0410 i, L PHOENIX
 3.50  4000.  0.0  2.0  0.5465 -0.3426  1.0289 -0.4230 i, L PHOENIX
 4.00  4000.  0.0  2.0  0.6816 -0.6413  1.2410 -0.4215 i, L PHOENIX
 4.50  4000.  0.0  2.0  0.7184 -0.6518  1.1792 -0.4094 i, L PHOENIX
 5.00  4000.  0.0  2.0  0.7272 -0.1224  0.3629 -0.1704 i, L PHOENIX
 3.50  4200.  0.0  2.0  0.5930 -0.4399  1.0269 -0.4105 i, L PHOENIX
 4.00  4200.  0.0  2.0  0.6621 -0.4970  1.1390 -0.4440 i, L PHOENIX
 4.50  4200.  0.0  2.0  0.5130 -0.2628  0.9786 -0.3750 i, L PHOENIX
 5.00  4200.  0.0  2.0  0.6679 -0.2281  0.6162 -0.2412 i, L PHOENIX
 3.50  4400.  0.0  2.0  0.5832 -0.3972  0.9736 -0.4045 i, L PHOENIX
 4.00  4400.  0.0  2.0  0.7327 -0.4672  0.9715 -0.3757 i, L PHOENIX
 4.50  4400.  0.0  2.0  0.7114 -0.5551  1.0723 -0.4071 i, L PHOENIX
 5.00  4400.  0.0  2.0  0.6463 -0.4360  1.0128 -0.3944 i, L PHOENIX
 3.50  4600.  0.0  2.0  0.5795 -0.3509  0.8743 -0.3672 i, L PHOENIX
 4.00  4600.  0.0  2.0  0.7620 -0.4579  0.8815 -0.3364 i, L PHOENIX
 4.50  4600.  0.0  2.0  0.7790 -0.7085  1.1808 -0.4470 i, L PHOENIX
 5.00  4600.  0.0  2.0  0.7319 -0.5889  1.0612 -0.4021 i, L PHOENIX
 3.50  4800.  0.0  2.0  0.5660 -0.2612  0.7188 -0.3020 i, L PHOENIX
 4.00  4800.  0.0  2.0  0.7642 -0.3789  0.7428 -0.2858 i, L PHOENIX
 4.50  4800.  0.0  2.0  0.7682 -0.6435  1.0825 -0.4174 i, L PHOENIX
 5.00  4800.  0.0  2.0  0.7745 -0.7061  1.1475 -0.4354 i, L PHOENIX
 3.50  5000.  0.0  2.0  0.7004 -0.5268  0.9169 -0.3568 i, L PHOENIX
 4.00  5000.  0.0  2.0  0.8620 -0.7176  1.0401 -0.3875 i, L PHOENIX
 4.50  5000.  0.0  2.0  0.7843 -0.6989  1.1066 -0.4278 i, L PHOENIX
 5.00  5000.  0.0  2.0  0.7661 -0.6810  1.1019 -0.4263 i, L PHOENIX
 3.50  5200.  0.0  2.0  0.7100 -0.5442  0.9107 -0.3575 i, L PHOENIX
 4.00  5200.  0.0  2.0  0.8730 -0.7374  1.0300 -0.3840 i, L PHOENIX
 4.50  5200.  0.0  2.0  0.7808 -0.6660  1.0402 -0.4048 i, L PHOENIX
 5.00  5200.  0.0  2.0  0.7564 -0.6328  1.0237 -0.4009 i, L PHOENIX
 3.50  5400.  0.0  2.0  0.7066 -0.5150  0.8397 -0.3275 i, L PHOENIX
 4.00  5400.  0.0  2.0  0.8832 -0.7450  0.9971 -0.3685 i, L PHOENIX
 4.50  5400.  0.0  2.0  0.7763 -0.6175  0.9425 -0.3646 i, L PHOENIX
 5.00  5400.  0.0  2.0  0.7504 -0.5849  0.9339 -0.3665 i, L PHOENIX
 3.50  5600.  0.0  2.0  0.7067 -0.5131  0.8129 -0.3169 i, L PHOENIX
 4.00  5600.  0.0  2.0  0.8934 -0.7734  1.0042 -0.3713 i, L PHOENIX
 4.50  5600.  0.0  2.0  0.7788 -0.6063  0.8974 -0.3462 i, L PHOENIX
 5.00  5600.  0.0  2.0  0.7783 -0.6758  1.0461 -0.4264 i, L PHOENIX
 3.50  5800.  0.0  2.0  0.7079 -0.5248  0.8085 -0.3156 i, L PHOENIX
 4.00  5800.  0.0  2.0  0.9003 -0.8042  1.0214 -0.3787 i, L PHOENIX
 4.50  5800.  0.0  2.0  0.7821 -0.6109  0.8775 -0.3380 i, L PHOENIX
 5.00  5800.  0.0  2.0  0.7843 -0.6863  1.0363 -0.4244 i, L PHOENIX
 3.50  7000.  0.0  2.0  0.7447 -0.7239  0.9841 -0.3954 i, L PHOENIX
 4.00  7000.  0.0  2.0  0.9592 -1.1026  1.3345 -0.5162 i, L PHOENIX
 4.50  7000.  0.0  2.0  0.8470 -0.9236  1.2312 -0.5066 i, L PHOENIX
 5.00  7000.  0.0  2.0  0.8238 -0.8919  1.2209 -0.5100 i, L PHOENIX
 3.50  7200.  0.0  2.0  0.7452 -0.7307  0.9855 -0.3991 i, L PHOENIX
 4.00  7200.  0.0  2.0  0.9563 -1.1173  1.3834 -0.5573 i, L PHOENIX
 4.50  7200.  0.0  2.0  0.8442 -0.9268  1.2329 -0.5115 i, L PHOENIX
 5.00  7200.  0.0  2.0  0.8197 -0.8939  1.2214 -0.5139 i, L PHOENIX
 3.50  7400.  0.0  2.0  0.7473 -0.7860  1.0759 -0.4456 i, L PHOENIX
 4.00  7400.  0.0  2.0  0.9585 -1.1793  1.4862 -0.6103 i, L PHOENIX
 4.50  7400.  0.0  2.0  0.8396 -0.9219  1.2240 -0.5120 i, L PHOENIX
 5.00  7400.  0.0  2.0  0.8146 -0.8913  1.2164 -0.5157 i, L PHOENIX
 3.50  7600.  0.0  2.0  0.7507 -0.7928  1.0647 -0.4404 i, L PHOENIX
 4.00  7600.  0.0  2.0  0.9604 -1.1888  1.4830 -0.6096 i, L PHOENIX
 4.50  7600.  0.0  2.0  0.8330 -0.9073  1.2012 -0.5063 i, L PHOENIX
 5.00  7600.  0.0  2.0  0.8075 -0.8800  1.2000 -0.5128 i, L PHOENIX
 3.50  7800.  0.0  2.0  0.7486 -0.7653  1.0050 -0.4143 i, L PHOENIX
 4.00  7800.  0.0  2.0  0.9552 -1.1661  1.4365 -0.5901 i, L PHOENIX
 4.50  7800.  0.0  2.0  0.8251 -0.9310  1.2569 -0.5399 i, L PHOENIX
 5.00  7800.  0.0  2.0  0.7989 -0.8606  1.1719 -0.5047 i, L PHOENIX
 3.50  8000.  0.0  2.0  0.7434 -0.7096  0.9012 -0.3690 i, L PHOENIX
 4.00  8000.  0.0  2.0  0.9480 -1.1310  1.3690 -0.5597 i, L PHOENIX
 4.50  8000.  0.0  2.0  0.8251 -0.9291  1.2332 -0.5283 i, L PHOENIX
 5.00  8000.  0.0  2.0  0.7896 -0.8665  1.1954 -0.5224 i, L PHOENIX
 3.50  8200.  0.0  2.0  0.7304 -0.6313  0.7736 -0.3157 i, L PHOENIX
 4.00  8200.  0.0  2.0  0.9493 -1.1124  1.2957 -0.5143 i, L PHOENIX
 4.50  8200.  0.0  2.0  0.8201 -0.9033  1.1756 -0.5011 i, L PHOENIX
 5.00  8200.  0.0  2.0  0.7821 -0.8510  1.1674 -0.5122 i, L PHOENIX
 3.50  8400.  0.0  2.0  0.6885 -0.4865  0.6008 -0.2538 i, L PHOENIX
 4.00  8400.  0.0  2.0  0.8773 -0.9020  1.0752 -0.4405 i, L PHOENIX
 4.50  8400.  0.0  2.0  0.8171 -0.8777  1.1107 -0.4679 i, L PHOENIX
 5.00  8400.  0.0  2.0  0.7768 -0.8284  1.1166 -0.4883 i, L PHOENIX
 3.50  8600.  0.0  2.0  0.7086 -0.5528  0.6601 -0.2726 i, L PHOENIX
 4.00  8600.  0.0  2.0  0.8839 -0.8945  1.0033 -0.3984 i, L PHOENIX
 4.50  8600.  0.0  2.0  0.8247 -0.8869  1.0777 -0.4408 i, L PHOENIX
 5.00  8600.  0.0  2.0  0.7731 -0.8091  1.0680 -0.4643 i, L PHOENIX
 3.50  8800.  0.0  2.0  0.7271 -0.6089  0.7046 -0.2854 i, L PHOENIX
 4.00  8800.  0.0  2.0  0.8859 -0.8794  0.9304 -0.3577 i, L PHOENIX
 4.50  8800.  0.0  2.0  0.7745 -0.7157  0.8645 -0.3577 i, L PHOENIX
 5.00  8800.  0.0  2.0  0.7736 -0.8001  1.0226 -0.4376 i, L PHOENIX
 3.50  9000.  0.0  2.0  0.6903 -0.4398  0.4881 -0.1997 i, L PHOENIX
 4.00  9000.  0.0  2.0  0.8914 -0.9186  0.9608 -0.3657 i, L PHOENIX
 4.50  9000.  0.0  2.0  0.7851 -0.7104  0.7697 -0.3009 i, L PHOENIX
 5.00  9000.  0.0  2.0  0.7659 -0.7363  0.8581 -0.3427 i, L PHOENIX
 3.50  9200.  0.0  2.0  0.7229 -0.5458  0.5892 -0.2325 i, L PHOENIX
 4.00  9200.  0.0  2.0  0.8531 -0.7688  0.7705 -0.2899 i, L PHOENIX
 4.50  9200.  0.0  2.0  0.7841 -0.7341  0.7986 -0.3135 i, L PHOENIX
 5.00  9200.  0.0  2.0  0.7604 -0.7137  0.8098 -0.3221 i, L PHOENIX
 3.50  9400.  0.0  2.0  0.8356 -0.7900  0.8046 -0.3024 i, L PHOENIX
 4.00  9400.  0.0  2.0  0.8347 -0.7393  0.7407 -0.2796 i, L PHOENIX
 4.50  9400.  0.0  2.0  0.7753 -0.7274  0.7843 -0.3057 i, L PHOENIX
 5.00  9400.  0.0  2.0  0.7483 -0.6697  0.7259 -0.2843 i, L PHOENIX
 3.50  9600.  0.0  2.0  0.8217 -0.7942  0.8204 -0.3101 i, L PHOENIX
 4.00  9600.  0.0  2.0  0.8330 -0.7756  0.7839 -0.2950 i, L PHOENIX
 4.50  9600.  0.0  2.0  0.7591 -0.6986  0.7464 -0.2892 i, L PHOENIX
 5.00  9600.  0.0  2.0  0.7320 -0.6509  0.6971 -0.2684 i, L PHOENIX
 3.50  9800.  0.0  2.0  0.8386 -0.8178  0.8300 -0.3114 i, L PHOENIX
 4.00  9800.  0.0  2.0  0.8358 -0.7917  0.7963 -0.2981 i, L PHOENIX
 4.50  9800.  0.0  2.0  0.7579 -0.6926  0.7288 -0.2801 i, L PHOENIX
 5.00  9800.  0.0  2.0  0.7311 -0.6531  0.6963 -0.2706 i, L PHOENIX
