 3.50  2000.  0.0  2.0 -0.2051  0.6278 -1.0659  1.6079 u  L PHOENIX
 4.00  2000.  0.0  2.0 -0.1673  0.5139 -0.5508  1.1786 u  L PHOENIX
 4.50  2000.  0.0  2.0 -0.1188  0.3785 -0.0831  0.8061 u  L PHOENIX
 5.00  2000.  0.0  2.0 -0.0534  0.2105  0.3713  0.4625 u  L PHOENIX
 3.50  2200.  0.0  2.0 -0.1187  0.0565  0.5623  0.4662 u  L PHOENIX
 4.00  2200.  0.0  2.0 -0.0853  0.0991  0.6041  0.3602 u  L PHOENIX
 4.50  2200.  0.0  2.0 -0.0911  0.2986  0.3662  0.4105 u  L PHOENIX
 5.00  2200.  0.0  2.0 -0.0672  0.3394  0.4707  0.2466 u  L PHOENIX
 3.50  2400.  0.0  2.0 -0.2724  0.7090  0.4714  0.0441 u  L PHOENIX
 4.00  2400.  0.0  2.0 -0.1841  0.5680  0.6091 -0.0245 u  L PHOENIX
 4.50  2400.  0.0  2.0 -0.0860  0.4259  0.6163  0.0273 u  L PHOENIX
 5.00  2400.  0.0  2.0 -0.0580  0.5738  0.3715  0.1025 u  L PHOENIX
 3.50  2600.  0.0  2.0 -0.2827  1.7240 -0.7277  0.2411 u  L PHOENIX
 4.00  2600.  0.0  2.0 -0.2350  1.3964 -0.3005  0.1041 u  L PHOENIX
 4.50  2600.  0.0  2.0 -0.0959  1.0319  0.0317  0.0126 u  L PHOENIX
 5.00  2600.  0.0  2.0  0.0387  0.7403  0.2141  0.0005 u  L PHOENIX
 3.50  2800.  0.0  2.0  0.1020  1.5009 -0.9188  0.2959 u  L PHOENIX
 4.00  2800.  0.0  2.0  0.0085  1.5554 -0.8337  0.2484 u  L PHOENIX
 4.50  2800.  0.0  2.0  0.0777  1.3152 -0.5642  0.1569 u  L PHOENIX
 5.00  2800.  0.0  2.0  0.2137  0.8140 -0.0231 -0.0115 u  L PHOENIX
 3.50  3000.  0.0  2.0  0.3810  1.0553 -0.6734  0.2283 u  L PHOENIX
 4.00  3000.  0.0  2.0  0.5019  0.9317 -0.6493  0.2127 u  L PHOENIX
 4.50  3000.  0.0  2.0  0.4912  0.9407 -0.6346  0.1985 u  L PHOENIX
 5.00  3000.  0.0  2.0  0.4409  0.7685 -0.2825  0.0614 u  L PHOENIX
 3.50  3200.  0.0  2.0  0.4631  0.8591 -0.5439  0.2127 u  L PHOENIX
 4.00  3200.  0.0  2.0  0.6504  0.6120 -0.4082  0.1394 u  L PHOENIX
 4.50  3200.  0.0  2.0  0.7274  0.4951 -0.3405  0.1086 u  L PHOENIX
 5.00  3200.  0.0  2.0  0.7214  0.4402 -0.2477  0.0669 u  L PHOENIX
 3.50  3400.  0.0  2.0  0.4532  0.8285 -0.5975  0.2989 u  L PHOENIX
 4.00  3400.  0.0  2.0  0.6566  0.5044 -0.3038  0.1222 u  L PHOENIX
 4.50  3400.  0.0  2.0  0.7966  0.2690 -0.1336  0.0403 u  L PHOENIX
 5.00  3400.  0.0  2.0  0.8495  0.1456 -0.0322 -0.0024 u  L PHOENIX
 3.50  3600.  0.0  2.0  0.3967  0.7919 -0.6584  0.4315 u  L PHOENIX
 4.00  3600.  0.0  2.0  0.6488  0.2877 -0.0654  0.0783 u  L PHOENIX
 4.50  3600.  0.0  2.0  0.7857  0.0340  0.1925 -0.0786 u  L PHOENIX
 5.00  3600.  0.0  2.0  0.8329  0.0259  0.1221 -0.0617 u  L PHOENIX
 3.50  3800.  0.0  2.0  0.4427  0.5420 -0.6407  0.6045 u  L PHOENIX
 4.00  3800.  0.0  2.0  0.8224 -0.2785  0.3625  0.0311 u  L PHOENIX
 4.50  3800.  0.0  2.0  0.9796 -0.6467  0.8618 -0.2742 u  L PHOENIX
 5.00  3800.  0.0  2.0  1.0033 -0.6309  0.8439 -0.3174 u  L PHOENIX
 3.50  4000.  0.0  2.0  1.2038 -1.1321  0.8394  0.0220 u  L PHOENIX
 4.00  4000.  0.0  2.0  1.0842 -0.8521  0.7702 -0.0615 u  L PHOENIX
 4.50  4000.  0.0  2.0  1.2276 -1.2440  1.2456 -0.3069 u  L PHOENIX
 5.00  4000.  0.0  2.0  1.2778 -1.4248  1.5964 -0.5454 u  L PHOENIX
 3.50  4200.  0.0  2.0  1.2647 -1.3690  1.0431 -0.0164 u  L PHOENIX
 4.00  4200.  0.0  2.0  1.0623 -0.7678  0.5484  0.1052 u  L PHOENIX
 4.50  4200.  0.0  2.0  1.1138 -1.0406  0.8939 -0.0411 u  L PHOENIX
 5.00  4200.  0.0  2.0  1.3147 -1.5327  1.5862 -0.4550 u  L PHOENIX
 3.50  4400.  0.0  2.0  1.1762 -1.2856  0.9749  0.0486 u  L PHOENIX
 4.00  4400.  0.0  2.0  0.9768 -0.6083  0.3578  0.2334 u  L PHOENIX
 4.50  4400.  0.0  2.0  1.2486 -1.2300  1.0009 -0.0791 u  L PHOENIX
 5.00  4400.  0.0  2.0  1.2900 -1.4096  1.2430 -0.2022 u  L PHOENIX
 3.50  4600.  0.0  2.0  1.1957 -1.5180  1.3672 -0.1224 u  L PHOENIX
 4.00  4600.  0.0  2.0  0.9138 -0.5551  0.3028  0.3062 u  L PHOENIX
 4.50  4600.  0.0  2.0  1.1921 -1.1107  0.8477  0.0202 u  L PHOENIX
 5.00  4600.  0.0  2.0  1.2800 -1.3468  1.1341 -0.1373 u  L PHOENIX
 3.50  4800.  0.0  2.0  1.1744 -1.6366  1.6883 -0.2978 u  L PHOENIX
 4.00  4800.  0.0  2.0  0.8671 -0.6019  0.4500  0.2625 u  L PHOENIX
 4.50  4800.  0.0  2.0  1.1306 -1.0512  0.7984  0.0764 u  L PHOENIX
 5.00  4800.  0.0  2.0  1.2349 -1.2593  1.0126 -0.0553 u  L PHOENIX
 3.50  5000.  0.0  2.0  1.1492 -1.4289  1.4606 -0.2234 u  L PHOENIX
 4.00  5000.  0.0  2.0  0.9550 -0.8494  0.8218  0.0454 u  L PHOENIX
 4.50  5000.  0.0  2.0  1.1433 -1.1939  1.0183 -0.0154 u  L PHOENIX
 5.00  5000.  0.0  2.0  1.2082 -1.2901  1.0664 -0.0517 u  L PHOENIX
 3.50  5200.  0.0  2.0  1.1088 -1.4415  1.6349 -0.3524 u  L PHOENIX
 4.00  5200.  0.0  2.0  0.9574 -0.9850  1.1230 -0.1233 u  L PHOENIX
 4.50  5200.  0.0  2.0  1.1261 -1.3156  1.2932 -0.1510 u  L PHOENIX
 5.00  5200.  0.0  2.0  1.1808 -1.3713  1.2505 -0.1256 u  L PHOENIX
 3.50  5400.  0.0  2.0  1.0323 -1.3118  1.6169 -0.4034 u  L PHOENIX
 4.00  5400.  0.0  2.0  0.9284 -0.9919  1.2669 -0.2373 u  L PHOENIX
 4.50  5400.  0.0  2.0  1.0929 -1.3760  1.5293 -0.2960 u  L PHOENIX
 5.00  5400.  0.0  2.0  1.1493 -1.4494  1.4804 -0.2449 u  L PHOENIX
 3.50  5600.  0.0  2.0  0.9557 -1.1458  1.5279 -0.4217 u  L PHOENIX
 4.00  5600.  0.0  2.0  0.8813 -0.9049  1.2677 -0.2881 u  L PHOENIX
 4.50  5600.  0.0  2.0  1.0319 -1.3075  1.5954 -0.3771 u  L PHOENIX
 5.00  5600.  0.0  2.0  1.1383 -1.6018  1.8640 -0.4649 u  L PHOENIX
 3.50  5800.  0.0  2.0  0.8895 -0.9777  1.4040 -0.4178 u  L PHOENIX
 4.00  5800.  0.0  2.0  0.8357 -0.7842  1.1935 -0.3020 u  L PHOENIX
 4.50  5800.  0.0  2.0  0.9592 -1.1540  1.5176 -0.3906 u  L PHOENIX
 5.00  5800.  0.0  2.0  1.0800 -1.5426  1.9412 -0.5487 u  L PHOENIX
 3.50  7000.  0.0  2.0  0.9562 -0.8971  1.1757 -0.4116 u  L PHOENIX
 4.00  7000.  0.0  2.0  0.8839 -0.6024  0.8891 -0.2880 u  L PHOENIX
 4.50  7000.  0.0  2.0  0.8891 -0.7859  1.1940 -0.4204 u  L PHOENIX
 5.00  7000.  0.0  2.0  0.8967 -0.9414  1.4640 -0.5371 u  L PHOENIX
 3.50  7200.  0.0  2.0  0.9963 -0.9956  1.2481 -0.4373 u  L PHOENIX
 4.00  7200.  0.0  2.0  0.9321 -0.7081  0.9752 -0.3248 u  L PHOENIX
 4.50  7200.  0.0  2.0  0.9123 -0.7990  1.1568 -0.4035 u  L PHOENIX
 5.00  7200.  0.0  2.0  0.9037 -0.8981  1.3654 -0.4990 u  L PHOENIX
 3.50  7400.  0.0  2.0  1.0640 -1.2126  1.4620 -0.5131 u  L PHOENIX
 4.00  7400.  0.0  2.0  1.0093 -0.9357  1.2042 -0.4106 u  L PHOENIX
 4.50  7400.  0.0  2.0  0.9403 -0.8423  1.1597 -0.4019 u  L PHOENIX
 5.00  7400.  0.0  2.0  0.9214 -0.9001  1.3183 -0.4783 u  L PHOENIX
 3.50  7600.  0.0  2.0  1.0943 -1.2813  1.4923 -0.5189 u  L PHOENIX
 4.00  7600.  0.0  2.0  1.0561 -1.0277  1.2491 -0.4205 u  L PHOENIX
 4.50  7600.  0.0  2.0  0.9691 -0.9000  1.1864 -0.4106 u  L PHOENIX
 5.00  7600.  0.0  2.0  0.9444 -0.9308  1.3088 -0.4722 u  L PHOENIX
 3.50  7800.  0.0  2.0  1.1150 -1.3254  1.5059 -0.5201 u  L PHOENIX
 4.00  7800.  0.0  2.0  1.0848 -1.0757  1.2574 -0.4198 u  L PHOENIX
 4.50  7800.  0.0  2.0  1.0324 -1.1102  1.4134 -0.4993 u  L PHOENIX
 5.00  7800.  0.0  2.0  0.9680 -0.9742  1.3200 -0.4750 u  L PHOENIX
 3.50  8000.  0.0  2.0  1.1334 -1.3667  1.5203 -0.5202 u  L PHOENIX
 4.00  8000.  0.0  2.0  1.1025 -1.0989  1.2460 -0.4134 u  L PHOENIX
 4.50  8000.  0.0  2.0  1.0664 -1.1790  1.4411 -0.5046 u  L PHOENIX
 5.00  8000.  0.0  2.0  1.0154 -1.1276  1.4787 -0.5377 u  L PHOENIX
 3.50  8200.  0.0  2.0  1.1658 -1.4705  1.6258 -0.5606 u  L PHOENIX
 4.00  8200.  0.0  2.0  1.1151 -1.1072  1.2202 -0.4020 u  L PHOENIX
 4.50  8200.  0.0  2.0  1.0876 -1.2152  1.4409 -0.5013 u  L PHOENIX
 5.00  8200.  0.0  2.0  1.0481 -1.2096  1.5340 -0.5555 u  L PHOENIX
 3.50  8400.  0.0  2.0  1.1947 -1.5925  1.7723 -0.6192 u  L PHOENIX
 4.00  8400.  0.0  2.0  1.1385 -1.2408  1.4042 -0.4785 u  L PHOENIX
 4.50  8400.  0.0  2.0  1.1040 -1.2394  1.4299 -0.4942 u  L PHOENIX
 5.00  8400.  0.0  2.0  1.0695 -1.2481  1.5335 -0.5503 u  L PHOENIX
 3.50  8600.  0.0  2.0  1.2084 -1.6188  1.7669 -0.6107 u  L PHOENIX
 4.00  8600.  0.0  2.0  1.1937 -1.3721  1.5019 -0.5102 u  L PHOENIX
 4.50  8600.  0.0  2.0  1.1163 -1.2502  1.4009 -0.4777 u  L PHOENIX
 5.00  8600.  0.0  2.0  1.0862 -1.2761  1.5237 -0.5415 u  L PHOENIX
 3.50  8800.  0.0  2.0  1.2181 -1.6433  1.7721 -0.6102 u  L PHOENIX
 4.00  8800.  0.0  2.0  1.2338 -1.4721  1.5855 -0.5450 u  L PHOENIX
 4.50  8800.  0.0  2.0  1.1457 -1.3803  1.5701 -0.5503 u  L PHOENIX
 5.00  8800.  0.0  2.0  1.1027 -1.3038  1.5139 -0.5325 u  L PHOENIX
 3.50  9000.  0.0  2.0  1.2215 -1.7114  1.9115 -0.6792 u  L PHOENIX
 4.00  9000.  0.0  2.0  1.2243 -1.4471  1.5318 -0.5224 u  L PHOENIX
 4.50  9000.  0.0  2.0  1.1916 -1.4921  1.6511 -0.5843 u  L PHOENIX
 5.00  9000.  0.0  2.0  1.0951 -1.2647  1.4379 -0.5065 u  L PHOENIX
 3.50  9200.  0.0  2.0  1.2095 -1.6753  1.8554 -0.6579 u  L PHOENIX
 4.00  9200.  0.0  2.0  1.2146 -1.4809  1.6215 -0.5711 u  L PHOENIX
 4.50  9200.  0.0  2.0  1.2142 -1.5668  1.7119 -0.6022 u  L PHOENIX
 5.00  9200.  0.0  2.0  1.1380 -1.3945  1.5639 -0.5530 u  L PHOENIX
 3.50  9400.  0.0  2.0  1.1594 -1.4305  1.5520 -0.5398 u  L PHOENIX
 4.00  9400.  0.0  2.0  1.2238 -1.5422  1.6921 -0.5982 u  L PHOENIX
 4.50  9400.  0.0  2.0  1.2161 -1.5956  1.7347 -0.6095 u  L PHOENIX
 5.00  9400.  0.0  2.0  1.1748 -1.5192  1.6929 -0.6051 u  L PHOENIX
 3.50  9600.  0.0  2.0  1.1527 -1.4544  1.5793 -0.5502 u  L PHOENIX
 4.00  9600.  0.0  2.0  1.2039 -1.5125  1.6466 -0.5784 u  L PHOENIX
 4.50  9600.  0.0  2.0  1.1907 -1.5649  1.7063 -0.6008 u  L PHOENIX
 5.00  9600.  0.0  2.0  1.1650 -1.5291  1.6992 -0.6069 u  L PHOENIX
 3.50  9800.  0.0  2.0  1.1217 -1.3712  1.5000 -0.5239 u  L PHOENIX
 4.00  9800.  0.0  2.0  1.1727 -1.4459  1.5762 -0.5529 u  L PHOENIX
 4.50  9800.  0.0  2.0  1.1654 -1.5153  1.6587 -0.5852 u  L PHOENIX
 5.00  9800.  0.0  2.0  1.1481 -1.4977  1.6600 -0.5920 u  L PHOENIX
