 3.50  2000.  0.0  2.0 -0.1522  0.3493 -0.3202  1.0912 u, L PHOENIX
 4.00  2000.  0.0  2.0 -0.1335  0.3753 -0.1045  0.8396 u, L PHOENIX
 4.50  2000.  0.0  2.0 -0.1053  0.3419  0.1652  0.5819 u, L PHOENIX
 5.00  2000.  0.0  2.0 -0.0476  0.2201  0.5064  0.3124 u, L PHOENIX
 3.50  2200.  0.0  2.0 -0.1714  0.2756  0.5059  0.3528 u, L PHOENIX
 4.00  2200.  0.0  2.0 -0.0985  0.2082  0.6588  0.2091 u, L PHOENIX
 4.50  2200.  0.0  2.0 -0.0923  0.3872  0.3929  0.2968 u, L PHOENIX
 5.00  2200.  0.0  2.0 -0.0636  0.4194  0.4720  0.1621 u, L PHOENIX
 3.50  2400.  0.0  2.0 -0.2886  0.9387  0.1953  0.1083 u, L PHOENIX
 4.00  2400.  0.0  2.0 -0.1997  0.8192  0.2967  0.0529 u, L PHOENIX
 4.50  2400.  0.0  2.0 -0.0807  0.5803  0.4531  0.0318 u, L PHOENIX
 5.00  2400.  0.0  2.0 -0.0377  0.6728  0.2618  0.0942 u, L PHOENIX
 3.50  2600.  0.0  2.0 -0.2174  1.7001 -0.7771  0.2557 u, L PHOENIX
 4.00  2600.  0.0  2.0 -0.1560  1.3716 -0.4015  0.1581 u, L PHOENIX
 4.50  2600.  0.0  2.0 -0.0343  1.0703 -0.1288  0.0774 u, L PHOENIX
 5.00  2600.  0.0  2.0  0.1008  0.7467  0.1261  0.0226 u, L PHOENIX
 3.50  2800.  0.0  2.0  0.1978  1.3821 -0.8775  0.2833 u, L PHOENIX
 4.00  2800.  0.0  2.0  0.1201  1.3502 -0.6964  0.2102 u, L PHOENIX
 4.50  2800.  0.0  2.0  0.2007  1.0747 -0.3995  0.1147 u, L PHOENIX
 5.00  2800.  0.0  2.0  0.3158  0.6671  0.0295 -0.0179 u, L PHOENIX
 3.50  3000.  0.0  2.0  0.4869  0.9035 -0.6062  0.2097 u, L PHOENIX
 4.00  3000.  0.0  2.0  0.6034  0.7388 -0.5134  0.1688 u, L PHOENIX
 4.50  3000.  0.0  2.0  0.5703  0.7517 -0.4689  0.1399 u, L PHOENIX
 5.00  3000.  0.0  2.0  0.5420  0.5237 -0.0746 -0.0057 u, L PHOENIX
 3.50  3200.  0.0  2.0  0.5700  0.6878 -0.4490  0.1834 u, L PHOENIX
 4.00  3200.  0.0  2.0  0.7548  0.4082 -0.2660  0.0946 u, L PHOENIX
 4.50  3200.  0.0  2.0  0.7936  0.3441 -0.2226  0.0684 u, L PHOENIX
 5.00  3200.  0.0  2.0  0.7672  0.2958 -0.1047  0.0120 u, L PHOENIX
 3.50  3400.  0.0  2.0  0.5353  0.7127 -0.5645  0.2995 u, L PHOENIX
 4.00  3400.  0.0  2.0  0.7348  0.3656 -0.2241  0.0989 u, L PHOENIX
 4.50  3400.  0.0  2.0  0.8594  0.1297 -0.0310  0.0057 u, L PHOENIX
 5.00  3400.  0.0  2.0  0.8859  0.0332  0.0708 -0.0426 u, L PHOENIX
 3.50  3600.  0.0  2.0  0.4220  0.8084 -0.7398  0.4672 u, L PHOENIX
 4.00  3600.  0.0  2.0  0.6778  0.2465 -0.0676  0.0850 u, L PHOENIX
 4.50  3600.  0.0  2.0  0.7974  0.0127  0.1877 -0.0770 u, L PHOENIX
 5.00  3600.  0.0  2.0  0.8408 -0.0011  0.1295 -0.0661 u, L PHOENIX
 3.50  3800.  0.0  2.0  0.4720  0.4987 -0.5746  0.5469 u, L PHOENIX
 4.00  3800.  0.0  2.0  0.8330 -0.3077  0.3515  0.0471 u, L PHOENIX
 4.50  3800.  0.0  2.0  0.9942 -0.7299  0.9445 -0.3064 u, L PHOENIX
 5.00  3800.  0.0  2.0  0.9982 -0.6707  0.8893 -0.3409 u, L PHOENIX
 3.50  4000.  0.0  2.0  1.2929 -1.4300  1.2090 -0.1534 u, L PHOENIX
 4.00  4000.  0.0  2.0  1.1261 -0.9718  0.8650 -0.0939 u, L PHOENIX
 4.50  4000.  0.0  2.0  1.2638 -1.3720  1.3479 -0.3369 u, L PHOENIX
 5.00  4000.  0.0  2.0  1.3198 -1.5762  1.7368 -0.5992 u, L PHOENIX
 3.50  4200.  0.0  2.0  1.3422 -1.6617  1.4175 -0.1961 u, L PHOENIX
 4.00  4200.  0.0  2.0  1.1515 -1.0453  0.8582 -0.0292 u, L PHOENIX
 4.50  4200.  0.0  2.0  1.1661 -1.2181  1.0757 -0.1165 u, L PHOENIX
 5.00  4200.  0.0  2.0  1.3658 -1.7069  1.7529 -0.5203 u, L PHOENIX
 3.50  4400.  0.0  2.0  1.1993 -1.4560  1.2505 -0.1065 u, L PHOENIX
 4.00  4400.  0.0  2.0  1.0987 -0.9799  0.7966  0.0330 u, L PHOENIX
 4.50  4400.  0.0  2.0  1.3490 -1.5668  1.3895 -0.2467 u, L PHOENIX
 5.00  4400.  0.0  2.0  1.3685 -1.6772  1.5393 -0.3283 u, L PHOENIX
 3.50  4600.  0.0  2.0  1.1744 -1.5606  1.4971 -0.2175 u, L PHOENIX
 4.00  4600.  0.0  2.0  1.0440 -0.9596  0.8184  0.0532 u, L PHOENIX
 4.50  4600.  0.0  2.0  1.3251 -1.5450  1.3861 -0.2310 u, L PHOENIX
 5.00  4600.  0.0  2.0  1.3961 -1.7241  1.5848 -0.3434 u, L PHOENIX
 3.50  4800.  0.0  2.0  1.1181 -1.5749  1.6784 -0.3208 u, L PHOENIX
 4.00  4800.  0.0  2.0  0.9794 -0.9471  0.9104  0.0227 u, L PHOENIX
 4.50  4800.  0.0  2.0  1.2640 -1.4749  1.3495 -0.1997 u, L PHOENIX
 5.00  4800.  0.0  2.0  1.3712 -1.6893  1.5524 -0.3180 u, L PHOENIX
 3.50  5000.  0.0  2.0  1.1716 -1.5713  1.6580 -0.3198 u, L PHOENIX
 4.00  5000.  0.0  2.0  1.0310 -1.0961  1.1515 -0.1275 u, L PHOENIX
 4.50  5000.  0.0  2.0  1.2456 -1.5159  1.4458 -0.2412 u, L PHOENIX
 5.00  5000.  0.0  2.0  1.3297 -1.6647  1.5525 -0.3040 u, L PHOENIX
 3.50  5200.  0.0  2.0  1.0720 -1.4153  1.6088 -0.3345 u, L PHOENIX
 4.00  5200.  0.0  2.0  0.9915 -1.1062  1.2822 -0.2100 u, L PHOENIX
 4.50  5200.  0.0  2.0  1.1878 -1.5046  1.5436 -0.2939 u, L PHOENIX
 5.00  5200.  0.0  2.0  1.2680 -1.6266  1.5843 -0.3133 u, L PHOENIX
 3.50  5400.  0.0  2.0  0.9507 -1.1806  1.4420 -0.2939 u, L PHOENIX
 4.00  5400.  0.0  2.0  0.9223 -1.0000  1.2616 -0.2316 u, L PHOENIX
 4.50  5400.  0.0  2.0  1.1224 -1.4662  1.6379 -0.3634 u, L PHOENIX
 5.00  5400.  0.0  2.0  1.2051 -1.5978  1.6639 -0.3587 u, L PHOENIX
 3.50  5600.  0.0  2.0  0.8876 -1.1083  1.4771 -0.3482 u, L PHOENIX
 4.00  5600.  0.0  2.0  0.8563 -0.8842  1.2082 -0.2350 u, L PHOENIX
 4.50  5600.  0.0  2.0  1.0406 -1.3488  1.6283 -0.3948 u, L PHOENIX
 5.00  5600.  0.0  2.0  1.1682 -1.6702  1.9367 -0.5223 u, L PHOENIX
 3.50  5800.  0.0  2.0  0.8541 -1.1131  1.6166 -0.4598 u, L PHOENIX
 4.00  5800.  0.0  2.0  0.8310 -0.8819  1.2953 -0.3059 u, L PHOENIX
 4.50  5800.  0.0  2.0  0.9618 -1.2087  1.5630 -0.3972 u, L PHOENIX
 5.00  5800.  0.0  2.0  1.0965 -1.5839  1.9754 -0.5796 u, L PHOENIX
 3.50  7000.  0.0  2.0  0.7540 -0.8891  1.7232 -0.7486 u, L PHOENIX
 4.00  7000.  0.0  2.0  0.8078 -0.8832  1.6727 -0.7042 u, L PHOENIX
 4.50  7000.  0.0  2.0  0.8176 -0.9486  1.7205 -0.7110 u, L PHOENIX
 5.00  7000.  0.0  2.0  0.8588 -1.0996  1.8798 -0.7621 u, L PHOENIX
 3.50  7200.  0.0  2.0  0.7041 -0.7157  1.5221 -0.6822 u, L PHOENIX
 4.00  7200.  0.0  2.0  0.7478 -0.6373  1.3711 -0.6008 u, L PHOENIX
 4.50  7200.  0.0  2.0  0.7806 -0.8104  1.5627 -0.6638 u, L PHOENIX
 5.00  7200.  0.0  2.0  0.8188 -0.9531  1.7168 -0.7146 u, L PHOENIX
 3.50  7400.  0.0  2.0  0.6719 -0.6214  1.4246 -0.6576 u, L PHOENIX
 4.00  7400.  0.0  2.0  0.7337 -0.5880  1.3199 -0.5940 u, L PHOENIX
 4.50  7400.  0.0  2.0  0.7448 -0.6765  1.4088 -0.6177 u, L PHOENIX
 5.00  7400.  0.0  2.0  0.7828 -0.8215  1.5671 -0.6696 u, L PHOENIX
 3.50  7600.  0.0  2.0  0.6320 -0.4607  1.2272 -0.5925 u, L PHOENIX
 4.00  7600.  0.0  2.0  0.7155 -0.4817  1.1782 -0.5501 u, L PHOENIX
 4.50  7600.  0.0  2.0  0.7113 -0.5474  1.2627 -0.5773 u, L PHOENIX
 5.00  7600.  0.0  2.0  0.7499 -0.7004  1.4322 -0.6325 u, L PHOENIX
 3.50  7800.  0.0  2.0  0.5921 -0.2866  0.9869 -0.4951 u, L PHOENIX
 4.00  7800.  0.0  2.0  0.6842 -0.3296  0.9859 -0.4886 u, L PHOENIX
 4.50  7800.  0.0  2.0  0.6882 -0.4775  1.2034 -0.5748 u, L PHOENIX
 5.00  7800.  0.0  2.0  0.7160 -0.5709  1.2873 -0.5936 u, L PHOENIX
 3.50  8000.  0.0  2.0  0.5750 -0.1730  0.7495 -0.3578 u, L PHOENIX
 4.00  8000.  0.0  2.0  0.6440 -0.1397  0.7373 -0.3997 u, L PHOENIX
 4.50  8000.  0.0  2.0  0.6558 -0.3195  0.9969 -0.5059 u, L PHOENIX
 5.00  8000.  0.0  2.0  0.6862 -0.4683  1.1821 -0.5719 u, L PHOENIX
 3.50  8200.  0.0  2.0  0.6379 -0.3553  0.9329 -0.4195 u, L PHOENIX
 4.00  8200.  0.0  2.0  0.6119  0.0001  0.5455 -0.3240 u, L PHOENIX
 4.50  8200.  0.0  2.0  0.6133 -0.1161  0.7227 -0.4044 u, L PHOENIX
 5.00  8200.  0.0  2.0  0.6477 -0.2983  0.9637 -0.4972 u, L PHOENIX
 3.50  8400.  0.0  2.0  0.6195 -0.2062  0.7117 -0.3358 u, L PHOENIX
 4.00  8400.  0.0  2.0  0.5620  0.2071  0.2404 -0.1802 u, L PHOENIX
 4.50  8400.  0.0  2.0  0.5767  0.0793  0.4361 -0.2871 u, L PHOENIX
 5.00  8400.  0.0  2.0  0.6046 -0.0879  0.6722 -0.3855 u, L PHOENIX
 3.50  8600.  0.0  2.0  0.6067 -0.0534  0.4401 -0.2137 u, L PHOENIX
 4.00  8600.  0.0  2.0  0.6730 -0.1234  0.5250 -0.2434 u, L PHOENIX
 4.50  8600.  0.0  2.0  0.5495  0.2317  0.1942 -0.1791 u, L PHOENIX
 5.00  8600.  0.0  2.0  0.5637  0.1347  0.3437 -0.2505 u, L PHOENIX
 3.50  8800.  0.0  2.0  0.6229 -0.0245  0.3366 -0.1626 u, L PHOENIX
 4.00  8800.  0.0  2.0  0.7446 -0.3164  0.7406 -0.3429 u, L PHOENIX
 4.50  8800.  0.0  2.0  0.5627  0.2295  0.1108 -0.1060 u, L PHOENIX
 5.00  8800.  0.0  2.0  0.5481  0.2706  0.1072 -0.1436 u, L PHOENIX
 3.50  9000.  0.0  2.0  0.6595 -0.0774  0.3671 -0.1711 u, L PHOENIX
 4.00  9000.  0.0  2.0  0.7352 -0.1698  0.4490 -0.2017 u, L PHOENIX
 4.50  9000.  0.0  2.0  0.7478 -0.3770  0.7662 -0.3392 u, L PHOENIX
 5.00  9000.  0.0  2.0  0.5634  0.2384  0.1045 -0.1332 u, L PHOENIX
 3.50  9200.  0.0  2.0  0.6700 -0.0776  0.3254 -0.1491 u, L PHOENIX
 4.00  9200.  0.0  2.0  0.7573 -0.1896  0.4417 -0.1963 u, L PHOENIX
 4.50  9200.  0.0  2.0  0.7491 -0.3012  0.6097 -0.2684 u, L PHOENIX
 5.00  9200.  0.0  2.0  0.6271  0.0835  0.1785 -0.1157 u, L PHOENIX
 3.50  9400.  0.0  2.0  0.6880 -0.0331  0.2239 -0.1036 u, L PHOENIX
 4.00  9400.  0.0  2.0  0.7808 -0.2324  0.4517 -0.1934 u, L PHOENIX
 4.50  9400.  0.0  2.0  0.7582 -0.2824  0.5348 -0.2297 u, L PHOENIX
 5.00  9400.  0.0  2.0  0.7601 -0.3729  0.6864 -0.2968 u, L PHOENIX
 3.50  9600.  0.0  2.0  0.6764 -0.0188  0.1947 -0.0912 u, L PHOENIX
 4.00  9600.  0.0  2.0  0.7783 -0.2215  0.4094 -0.1725 u, L PHOENIX
 4.50  9600.  0.0  2.0  0.7600 -0.2711  0.4905 -0.2081 u, L PHOENIX
 5.00  9600.  0.0  2.0  0.7530 -0.3673  0.6921 -0.3118 u, L PHOENIX
 3.50  9800.  0.0  2.0  0.6765 -0.0008  0.1590 -0.0761 u, L PHOENIX
 4.00  9800.  0.0  2.0  0.7756 -0.2036  0.3685 -0.1543 u, L PHOENIX
 4.50  9800.  0.0  2.0  0.7686 -0.2714  0.4637 -0.1944 u, L PHOENIX
 5.00  9800.  0.0  2.0  0.7681 -0.3289  0.5567 -0.2364 u, L PHOENIX
