 3.50  2000.  0.0  2.0 -0.1768  1.0964 -0.0545  0.7843 v  L PHOENIX
 4.00  2000.  0.0  2.0 -0.1549  1.0360 -0.1912  0.7621 v  L PHOENIX
 4.50  2000.  0.0  2.0 -0.1359  1.0695 -0.0155  0.5274 v  L PHOENIX
 5.00  2000.  0.0  2.0 -0.0482  0.6916  0.4308  0.1945 v  L PHOENIX
 3.50  2200.  0.0  2.0 -0.2650  0.3309  0.3753  0.1897 v  L PHOENIX
 4.00  2200.  0.0  2.0 -0.0932  0.1955  0.7282  0.0557 v  L PHOENIX
 4.50  2200.  0.0  2.0 -0.0650  0.4151  0.3252  0.2633 v  L PHOENIX
 5.00  2200.  0.0  2.0 -0.0621  0.4671  0.3230  0.1339 v  L PHOENIX
 3.50  2400.  0.0  2.0 -0.3675 -0.1392 -0.4090  0.1733 v  L PHOENIX
 4.00  2400.  0.0  2.0 -0.2302 -0.0492  0.0049  0.0402 v  L PHOENIX
 4.50  2400.  0.0  2.0 -0.0448 -0.1085  0.5508 -0.0966 v  L PHOENIX
 5.00  2400.  0.0  2.0  0.0102 -0.0401  0.2424  0.0624 v  L PHOENIX
 3.50  2600.  0.0  2.0 -0.0554  0.5010 -1.1452  0.3574 v  L PHOENIX
 4.00  2600.  0.0  2.0 -0.1171  0.3804 -0.8887  0.2619 v  L PHOENIX
 4.50  2600.  0.0  2.0 -0.0276  0.2748 -0.3266  0.0682 v  L PHOENIX
 5.00  2600.  0.0  2.0  0.1407 -0.0965  0.2811 -0.0950 v  L PHOENIX
 3.50  2800.  0.0  2.0  0.4442  1.1313 -0.6811  0.2145 v  L PHOENIX
 4.00  2800.  0.0  2.0  0.3113  0.8601 -0.8609  0.2680 v  L PHOENIX
 4.50  2800.  0.0  2.0  0.2860  0.8945 -0.7668  0.2245 v  L PHOENIX
 5.00  2800.  0.0  2.0  0.2515  0.6057 -0.3055  0.0449 v  L PHOENIX
 3.50  3000.  0.0  2.0  0.6922  0.9238 -0.1956  0.0599 v  L PHOENIX
 4.00  3000.  0.0  2.0  0.8733  1.0816 -0.1177  0.0369 v  L PHOENIX
 4.50  3000.  0.0  2.0  0.8464  1.2268 -0.2330  0.0748 v  L PHOENIX
 5.00  3000.  0.0  2.0  0.5985  1.2199 -0.4354  0.1215 v  L PHOENIX
 3.50  3200.  0.0  2.0  0.7309  0.7231  0.0434  0.0167 v  L PHOENIX
 4.00  3200.  0.0  2.0  0.9692  0.8041  0.1450 -0.0490 v  L PHOENIX
 4.50  3200.  0.0  2.0  1.0465  1.0026  0.1332 -0.0434 v  L PHOENIX
 5.00  3200.  0.0  2.0  0.9812  1.2013 -0.0091  0.0023 v  L PHOENIX
 3.50  3400.  0.0  2.0  0.6286  1.1604 -0.2340  0.2769 v  L PHOENIX
 4.00  3400.  0.0  2.0  0.9160  0.4933  0.2355 -0.0579 v  L PHOENIX
 4.50  3400.  0.0  2.0  1.0634  0.8696  0.2751 -0.0913 v  L PHOENIX
 5.00  3400.  0.0  2.0  1.0882  1.0310  0.2430 -0.0810 v  L PHOENIX
 3.50  3600.  0.0  2.0  0.4436  0.8195 -0.5308  0.5395 v  L PHOENIX
 4.00  3600.  0.0  2.0  0.7342  0.1671  0.0483  0.1146 v  L PHOENIX
 4.50  3600.  0.0  2.0  0.9032  0.5959  0.2013 -0.0577 v  L PHOENIX
 5.00  3600.  0.0  2.0  1.0010  1.0085  0.1678 -0.0541 v  L PHOENIX
 3.50  3800.  0.0  2.0  0.3615 -0.3941 -0.3715  0.5853 v  L PHOENIX
 4.00  3800.  0.0  2.0  0.5969 -0.2049 -0.1363  0.3533 v  L PHOENIX
 4.50  3800.  0.0  2.0  0.7895  0.0114  0.3541 -0.0503 v  L PHOENIX
 5.00  3800.  0.0  2.0  0.8756  0.6357  0.2471 -0.0846 v  L PHOENIX
 3.50  4000.  0.0  2.0  0.7788 -0.7583  0.7314  0.1073 v  L PHOENIX
 4.00  4000.  0.0  2.0  0.7271 -0.4400  0.4005  0.1758 v  L PHOENIX
 4.50  4000.  0.0  2.0  0.8178 -0.4680  0.6174  0.0123 v  L PHOENIX
 5.00  4000.  0.0  2.0  0.8817  0.1224  0.7493 -0.2340 v  L PHOENIX
 3.50  4200.  0.0  2.0  0.8083 -1.0232  0.9933 -0.0018 v  L PHOENIX
 4.00  4200.  0.0  2.0  0.7547 -0.5118  0.6181  0.1367 v  L PHOENIX
 4.50  4200.  0.0  2.0  0.7036 -0.5239  0.6146  0.1260 v  L PHOENIX
 5.00  4200.  0.0  2.0  0.8642 -0.3057  0.9093 -0.1626 v  L PHOENIX
 3.50  4400.  0.0  2.0  0.7511 -0.5561  1.1178 -0.0928 v  L PHOENIX
 4.00  4400.  0.0  2.0  0.7068 -0.4259  0.6774  0.1008 v  L PHOENIX
 4.50  4400.  0.0  2.0  0.8866 -0.7522  1.0649 -0.0781 v  L PHOENIX
 5.00  4400.  0.0  2.0  0.8793 -0.7778  1.0591 -0.0828 v  L PHOENIX
 3.50  4600.  0.0  2.0  0.7521 -0.3905  1.2699 -0.1963 v  L PHOENIX
 4.00  4600.  0.0  2.0  0.6689 -0.2183  0.8028  0.0199 v  L PHOENIX
 4.50  4600.  0.0  2.0  0.8880 -0.6860  1.1851 -0.1521 v  L PHOENIX
 5.00  4600.  0.0  2.0  0.9266 -0.6890  1.2354 -0.1803 v  L PHOENIX
 3.50  4800.  0.0  2.0  0.7815 -0.5782  1.5535 -0.3630 v  L PHOENIX
 4.00  4800.  0.0  2.0  0.6366 -0.0461  0.8752 -0.0448 v  L PHOENIX
 4.50  4800.  0.0  2.0  0.8707 -0.6571  1.2654 -0.2086 v  L PHOENIX
 5.00  4800.  0.0  2.0  0.9444 -0.8718  1.3501 -0.2500 v  L PHOENIX
 3.50  5000.  0.0  2.0  0.8603 -0.6785  1.4959 -0.3232 v  L PHOENIX
 4.00  5000.  0.0  2.0  0.7936 -0.6732  1.2024 -0.2159 v  L PHOENIX
 4.50  5000.  0.0  2.0  0.9150 -0.8641  1.4579 -0.3091 v  L PHOENIX
 5.00  5000.  0.0  2.0  0.9483 -0.9409  1.4613 -0.3120 v  L PHOENIX
 3.50  5200.  0.0  2.0  0.8683 -0.7117  1.6666 -0.4384 v  L PHOENIX
 4.00  5200.  0.0  2.0  0.8301 -0.7288  1.4307 -0.3428 v  L PHOENIX
 4.50  5200.  0.0  2.0  0.9163 -0.8472  1.6213 -0.4075 v  L PHOENIX
 5.00  5200.  0.0  2.0  0.9387 -0.8722  1.5895 -0.3883 v  L PHOENIX
 3.50  5400.  0.0  2.0  0.8411 -0.6484  1.7040 -0.4853 v  L PHOENIX
 4.00  5400.  0.0  2.0  0.8414 -0.7083  1.5731 -0.4343 v  L PHOENIX
 4.50  5400.  0.0  2.0  0.9068 -0.7842  1.7327 -0.4884 v  L PHOENIX
 5.00  5400.  0.0  2.0  0.9257 -0.8008  1.7075 -0.4682 v  L PHOENIX
 3.50  5600.  0.0  2.0  0.8156 -0.6414  1.7642 -0.5396 v  L PHOENIX
 4.00  5600.  0.0  2.0  0.8420 -0.7225  1.7005 -0.5189 v  L PHOENIX
 4.50  5600.  0.0  2.0  0.8930 -0.7471  1.8211 -0.5595 v  L PHOENIX
 5.00  5600.  0.0  2.0  0.9222 -0.8339  1.9341 -0.6254 v  L PHOENIX
 3.50  5800.  0.0  2.0  0.8021 -0.6970  1.9041 -0.6307 v  L PHOENIX
 4.00  5800.  0.0  2.0  0.8377 -0.7883  1.8138 -0.5962 v  L PHOENIX
 4.50  5800.  0.0  2.0  0.8804 -0.7530  1.9104 -0.6307 v  L PHOENIX
 5.00  5800.  0.0  2.0  0.9015 -0.8001  2.0063 -0.6946 v  L PHOENIX
 3.50  7000.  0.0  2.0  0.6535 -0.9910  2.4338 -1.1827 v  L PHOENIX
 4.00  7000.  0.0  2.0  0.7760 -1.2481  2.5546 -1.1890 v  L PHOENIX
 4.50  7000.  0.0  2.0  0.7335 -0.8884  2.1820 -1.0067 v  L PHOENIX
 5.00  7000.  0.0  2.0  0.7522 -0.8144  2.1109 -0.9499 v  L PHOENIX
 3.50  7200.  0.0  2.0  0.5325 -0.7624  2.0370 -1.0736 v  L PHOENIX
 4.00  7200.  0.0  2.0  0.6230 -0.8101  1.9172 -0.9813 v  L PHOENIX
 4.50  7200.  0.0  2.0  0.6686 -0.7681  2.0135 -0.9827 v  L PHOENIX
 5.00  7200.  0.0  2.0  0.7069 -0.7277  2.0286 -0.9577 v  L PHOENIX
 3.50  7400.  0.0  2.0  0.3607 -0.4084  1.4334 -0.8755 v  L PHOENIX
 4.00  7400.  0.0  2.0  0.4952 -0.5417  1.4981 -0.8588 v  L PHOENIX
 4.50  7400.  0.0  2.0  0.5824 -0.5779  1.7254 -0.9071 v  L PHOENIX
 5.00  7400.  0.0  2.0  0.6434 -0.5904  1.8516 -0.9265 v  L PHOENIX
 3.50  7600.  0.0  2.0  0.2173 -0.0466  0.7601 -0.6181 v  L PHOENIX
 4.00  7600.  0.0  2.0  0.3789 -0.2475  0.9774 -0.6760 v  L PHOENIX
 4.50  7600.  0.0  2.0  0.4778 -0.3178  1.3145 -0.7763 v  L PHOENIX
 5.00  7600.  0.0  2.0  0.5613 -0.3938  1.5663 -0.8487 v  L PHOENIX
 3.50  7800.  0.0  2.0  0.1139  0.2859  0.1360 -0.3424 v  L PHOENIX
 4.00  7800.  0.0  2.0  0.2616  0.0899  0.3753 -0.4454 v  L PHOENIX
 4.50  7800.  0.0  2.0  0.3327  0.0505  0.7518 -0.5830 v  L PHOENIX
 5.00  7800.  0.0  2.0  0.4633 -0.1394  1.1699 -0.7206 v  L PHOENIX
 3.50  8000.  0.0  2.0  0.0845  0.5329 -0.3244 -0.0680 v  L PHOENIX
 4.00  8000.  0.0  2.0  0.1692  0.3905 -0.1842 -0.2160 v  L PHOENIX
 4.50  8000.  0.0  2.0  0.2306  0.3433  0.2172 -0.3803 v  L PHOENIX
 5.00  8000.  0.0  2.0  0.3361  0.1978  0.6498 -0.5401 v  L PHOENIX
 3.50  8200.  0.0  2.0  0.1848  0.6039 -0.1510 -0.0718 v  L PHOENIX
 4.00  8200.  0.0  2.0  0.1355  0.4053 -0.3913 -0.1210 v  L PHOENIX
 4.50  8200.  0.0  2.0  0.1481  0.6121 -0.2930 -0.1750 v  L PHOENIX
 5.00  8200.  0.0  2.0  0.2301  0.5052  0.1096 -0.3362 v  L PHOENIX
 3.50  8400.  0.0  2.0  0.1902  0.7591 -0.4109  0.0341 v  L PHOENIX
 4.00  8400.  0.0  2.0  0.0418  0.9134 -1.1071  0.2185 v  L PHOENIX
 4.50  8400.  0.0  2.0  0.1013  0.7894 -0.6914 -0.0010 v  L PHOENIX
 5.00  8400.  0.0  2.0  0.1482  0.7614 -0.4019 -0.1319 v  L PHOENIX
 3.50  8600.  0.0  2.0  0.1643  0.9046 -0.7751  0.1964 v  L PHOENIX
 4.00  8600.  0.0  2.0  0.2188  0.6810 -0.6051  0.1192 v  L PHOENIX
 4.50  8600.  0.0  2.0  0.0811  0.8083 -0.9034  0.1008 v  L PHOENIX
 5.00  8600.  0.0  2.0  0.0846  0.9885 -0.9014  0.0782 v  L PHOENIX
 3.50  8800.  0.0  2.0  0.1903  0.8969 -0.8466  0.2378 v  L PHOENIX
 4.00  8800.  0.0  2.0  0.3927  0.2286  0.0732 -0.1625 v  L PHOENIX
 4.50  8800.  0.0  2.0  0.0993  0.9561 -1.1235  0.2624 v  L PHOENIX
 5.00  8800.  0.0  2.0  0.0690  1.0679 -1.1883  0.2135 v  L PHOENIX
 3.50  9000.  0.0  2.0  0.2593  0.9048 -0.8296  0.2469 v  L PHOENIX
 4.00  9000.  0.0  2.0  0.3646  0.4498 -0.4334  0.0790 v  L PHOENIX
 4.50  9000.  0.0  2.0  0.3994  0.4068 -0.0523 -0.0804 v  L PHOENIX
 5.00  9000.  0.0  2.0  0.1452  0.6951 -0.9023  0.1210 v  L PHOENIX
 3.50  9200.  0.0  2.0  0.2753  0.8391 -0.7891  0.2259 v  L PHOENIX
 4.00  9200.  0.0  2.0  0.4158  0.4536 -0.4728  0.1107 v  L PHOENIX
 4.50  9200.  0.0  2.0  0.3829  0.4589 -0.3103  0.0249 v  L PHOENIX
 5.00  9200.  0.0  2.0  0.2137  0.6631 -0.9053  0.2042 v  L PHOENIX
 3.50  9400.  0.0  2.0  0.3308  0.6230 -0.6895  0.1827 v  L PHOENIX
 4.00  9400.  0.0  2.0  0.4429  0.4541 -0.4683  0.1123 v  L PHOENIX
 4.50  9400.  0.0  2.0  0.3879  0.4729 -0.4400  0.0862 v  L PHOENIX
 5.00  9400.  0.0  2.0  0.4047  0.3878 -0.2268 -0.0033 v  L PHOENIX
 3.50  9600.  0.0  2.0  0.2942  0.6529 -0.8251  0.2276 v  L PHOENIX
 4.00  9600.  0.0  2.0  0.4430  0.4349 -0.4759  0.1079 v  L PHOENIX
 4.50  9600.  0.0  2.0  0.4062  0.4628 -0.4635  0.0981 v  L PHOENIX
 5.00  9600.  0.0  2.0  0.4213  0.1974 -0.0696 -0.0934 v  L PHOENIX
 3.50  9800.  0.0  2.0  0.3045  0.5984 -0.8987  0.2595 v  L PHOENIX
 4.00  9800.  0.0  2.0  0.4478  0.4032 -0.5162  0.1194 v  L PHOENIX
 4.50  9800.  0.0  2.0  0.4335  0.4261 -0.4630  0.0980 v  L PHOENIX
 5.00  9800.  0.0  2.0  0.4386  0.3635 -0.3547  0.0537 v  L PHOENIX
