 3.50  2000.  0.0  2.0 -0.0176  0.1674  0.0988  0.7474 y  L PHOENIX
 4.00  2000.  0.0  2.0 -0.0124  0.1736  0.2921  0.5435 y  L PHOENIX
 4.50  2000.  0.0  2.0 -0.0317  0.2721  0.2967  0.4584 y  L PHOENIX
 5.00  2000.  0.0  2.0 -0.0452  0.3574  0.3162  0.3662 y  L PHOENIX
 3.50  2200.  0.0  2.0  0.0634 -0.1931  0.8289  0.3038 y  L PHOENIX
 4.00  2200.  0.0  2.0  0.0495 -0.0817  0.8699  0.1646 y  L PHOENIX
 4.50  2200.  0.0  2.0  0.0177  0.1120  0.6470  0.2234 y  L PHOENIX
 5.00  2200.  0.0  2.0 -0.0246  0.3526  0.4056  0.2634 y  L PHOENIX
 3.50  2400.  0.0  2.0  0.0539 -0.1438  1.2572 -0.1651 y  L PHOENIX
 4.00  2400.  0.0  2.0  0.0448  0.0046  1.1494 -0.1971 y  L PHOENIX
 4.50  2400.  0.0  2.0  0.0445  0.0957  0.9754 -0.1137 y  L PHOENIX
 5.00  2400.  0.0  2.0  0.0223  0.3265  0.6043  0.0474 y  L PHOENIX
 3.50  2600.  0.0  2.0 -0.0475  0.7883  0.4163 -0.1631 y  L PHOENIX
 4.00  2600.  0.0  2.0  0.0026  0.5583  0.6611 -0.2248 y  L PHOENIX
 4.50  2600.  0.0  2.0  0.0375  0.5256  0.6447 -0.2084 y  L PHOENIX
 5.00  2600.  0.0  2.0  0.0821  0.4175  0.6558 -0.1530 y  L PHOENIX
 3.50  2800.  0.0  2.0  0.1664  1.1632 -0.4487  0.1190 y  L PHOENIX
 4.00  2800.  0.0  2.0  0.1523  0.8407  0.1006 -0.0957 y  L PHOENIX
 4.50  2800.  0.0  2.0  0.1220  0.9039  0.0691 -0.0990 y  L PHOENIX
 5.00  2800.  0.0  2.0  0.1533  0.6716  0.3605 -0.1882 y  L PHOENIX
 3.50  3000.  0.0  2.0  0.4408  0.7966 -0.3923  0.1554 y  L PHOENIX
 4.00  3000.  0.0  2.0  0.4333  0.8851 -0.4476  0.1249 y  L PHOENIX
 4.50  3000.  0.0  2.0  0.3603  1.0323 -0.5278  0.1257 y  L PHOENIX
 5.00  3000.  0.0  2.0  0.2661  0.9868 -0.2776  0.0100 y  L PHOENIX
 3.50  3200.  0.0  2.0  0.4809  0.5929 -0.3377  0.2518 y  L PHOENIX
 4.00  3200.  0.0  2.0  0.5361  0.5976 -0.2313  0.0790 y  L PHOENIX
 4.50  3200.  0.0  2.0  0.5332  0.7696 -0.4494  0.1239 y  L PHOENIX
 5.00  3200.  0.0  2.0  0.4853  0.9437 -0.6306  0.1745 y  L PHOENIX
 3.50  3400.  0.0  2.0  0.3521  0.6891 -0.7634  0.6860 y  L PHOENIX
 4.00  3400.  0.0  2.0  0.4629  0.3863  0.0712  0.0346 y  L PHOENIX
 4.50  3400.  0.0  2.0  0.4871  0.7092 -0.3380  0.0891 y  L PHOENIX
 5.00  3400.  0.0  2.0  0.5402  0.8535 -0.6344  0.1885 y  L PHOENIX
 3.50  3600.  0.0  2.0  0.2987  0.3401 -0.6179  0.9253 y  L PHOENIX
 4.00  3600.  0.0  2.0  0.4009  0.0694  0.3336  0.1280 y  L PHOENIX
 4.50  3600.  0.0  2.0  0.3843  0.5167  0.0887 -0.0781 y  L PHOENIX
 5.00  3600.  0.0  2.0  0.4235  0.9596 -0.6492  0.1715 y  L PHOENIX
 3.50  3800.  0.0  2.0  0.4256 -0.5145  0.4170  0.6366 y  L PHOENIX
 4.00  3800.  0.0  2.0  0.4880 -0.5185  0.8912  0.0797 y  L PHOENIX
 4.50  3800.  0.0  2.0  0.4568 -0.0683  0.8148 -0.2939 y  L PHOENIX
 5.00  3800.  0.0  2.0  0.3981  0.8061 -0.3721  0.0487 y  L PHOENIX
 3.50  4000.  0.0  2.0  0.4586 -0.4242  1.2216 -0.3528 y  L PHOENIX
 4.00  4000.  0.0  2.0  0.5295 -0.6646  1.4132 -0.3408 y  L PHOENIX
 4.50  4000.  0.0  2.0  0.5688 -0.5868  1.2772 -0.3419 y  L PHOENIX
 5.00  4000.  0.0  2.0  0.4932  0.3096  0.1980 -0.1239 y  L PHOENIX
 3.50  4200.  0.0  2.0  0.5078 -0.4841  1.2307 -0.3793 y  L PHOENIX
 4.00  4200.  0.0  2.0  0.4833 -0.3773  1.1390 -0.3086 y  L PHOENIX
 4.50  4200.  0.0  2.0  0.3971 -0.3681  1.2375 -0.3374 y  L PHOENIX
 5.00  4200.  0.0  2.0  0.5151 -0.0463  0.6117 -0.1853 y  L PHOENIX
 3.50  4400.  0.0  2.0  0.4745 -0.3535  1.1255 -0.3831 y  L PHOENIX
 4.00  4400.  0.0  2.0  0.5336 -0.3217  1.0149 -0.2873 y  L PHOENIX
 4.50  4400.  0.0  2.0  0.6076 -0.5549  1.2101 -0.3512 y  L PHOENIX
 5.00  4400.  0.0  2.0  0.5707 -0.5183  1.2311 -0.3712 y  L PHOENIX
 3.50  4600.  0.0  2.0  0.4710 -0.2564  0.9763 -0.3421 y  L PHOENIX
 4.00  4600.  0.0  2.0  0.5465 -0.2746  0.9552 -0.2951 y  L PHOENIX
 4.50  4600.  0.0  2.0  0.6621 -0.6541  1.3037 -0.4097 y  L PHOENIX
 5.00  4600.  0.0  2.0  0.6503 -0.6088  1.2333 -0.3792 y  L PHOENIX
 3.50  4800.  0.0  2.0  0.4809 -0.2193  0.9006 -0.3228 y  L PHOENIX
 4.00  4800.  0.0  2.0  0.5348 -0.1295  0.7707 -0.2485 y  L PHOENIX
 4.50  4800.  0.0  2.0  0.6527 -0.5738  1.2218 -0.4077 y  L PHOENIX
 5.00  4800.  0.0  2.0  0.6973 -0.7008  1.3138 -0.4274 y  L PHOENIX
 3.50  5000.  0.0  2.0  0.5938 -0.4081  1.0022 -0.3376 y  L PHOENIX
 4.00  5000.  0.0  2.0  0.7009 -0.5161  1.0742 -0.3592 y  L PHOENIX
 4.50  5000.  0.0  2.0  0.6933 -0.6475  1.2707 -0.4418 y  L PHOENIX
 5.00  5000.  0.0  2.0  0.7038 -0.6956  1.3131 -0.4523 y  L PHOENIX
 3.50  5200.  0.0  2.0  0.6162 -0.4511  1.0443 -0.3704 y  L PHOENIX
 4.00  5200.  0.0  2.0  0.7344 -0.5787  1.1199 -0.3868 y  L PHOENIX
 4.50  5200.  0.0  2.0  0.7010 -0.6329  1.2422 -0.4462 y  L PHOENIX
 5.00  5200.  0.0  2.0  0.7028 -0.6627  1.2762 -0.4577 y  L PHOENIX
 3.50  5400.  0.0  2.0  0.6250 -0.4449  1.0110 -0.3634 y  L PHOENIX
 4.00  5400.  0.0  2.0  0.7581 -0.6105  1.1258 -0.3953 y  L PHOENIX
 4.50  5400.  0.0  2.0  0.7043 -0.5966  1.1753 -0.4293 y  L PHOENIX
 5.00  5400.  0.0  2.0  0.7017 -0.6208  1.2150 -0.4475 y  L PHOENIX
 3.50  5600.  0.0  2.0  0.6410 -0.4807  1.0422 -0.3847 y  L PHOENIX
 4.00  5600.  0.0  2.0  0.7798 -0.6606  1.1722 -0.4231 y  L PHOENIX
 4.50  5600.  0.0  2.0  0.7138 -0.5942  1.1560 -0.4314 y  L PHOENIX
 5.00  5600.  0.0  2.0  0.7340 -0.7200  1.3833 -0.5573 y  L PHOENIX
 3.50  5800.  0.0  2.0  0.6615 -0.5458  1.1187 -0.4262 y  L PHOENIX
 4.00  5800.  0.0  2.0  0.8034 -0.7287  1.2470 -0.4627 y  L PHOENIX
 4.50  5800.  0.0  2.0  0.7283 -0.6195  1.1738 -0.4476 y  L PHOENIX
 5.00  5800.  0.0  2.0  0.7434 -0.7260  1.3858 -0.5727 y  L PHOENIX
 3.50  7000.  0.0  2.0  0.7494 -0.9571  1.7828 -0.8136 y  L PHOENIX
 4.00  7000.  0.0  2.0  0.9346 -1.2771  2.0591 -0.9019 y  L PHOENIX
 4.50  7000.  0.0  2.0  0.8143 -0.9703  1.7290 -0.7884 y  L PHOENIX
 5.00  7000.  0.0  2.0  0.7976 -0.9219  1.6628 -0.7617 y  L PHOENIX
 3.50  7200.  0.0  2.0  0.7169 -0.8598  1.7011 -0.8054 y  L PHOENIX
 4.00  7200.  0.0  2.0  0.8622 -1.0300  1.8104 -0.8430 y  L PHOENIX
 4.50  7200.  0.0  2.0  0.7939 -0.9163  1.6917 -0.7934 y  L PHOENIX
 5.00  7200.  0.0  2.0  0.7817 -0.8840  1.6394 -0.7691 y  L PHOENIX
 3.50  7400.  0.0  2.0  0.6529 -0.6937  1.5610 -0.7792 y  L PHOENIX
 4.00  7400.  0.0  2.0  0.8092 -0.9068  1.7242 -0.8390 y  L PHOENIX
 4.50  7400.  0.0  2.0  0.7625 -0.8190  1.5986 -0.7754 y  L PHOENIX
 5.00  7400.  0.0  2.0  0.7569 -0.8134  1.5763 -0.7610 y  L PHOENIX
 3.50  7600.  0.0  2.0  0.6067 -0.5127  1.3326 -0.6959 y  L PHOENIX
 4.00  7600.  0.0  2.0  0.7699 -0.7607  1.5501 -0.7825 y  L PHOENIX
 4.50  7600.  0.0  2.0  0.7209 -0.6771  1.4433 -0.7302 y  L PHOENIX
 5.00  7600.  0.0  2.0  0.7226 -0.7052  1.4645 -0.7327 y  L PHOENIX
 3.50  7800.  0.0  2.0  0.5612 -0.2989  1.0225 -0.5624 y  L PHOENIX
 4.00  7800.  0.0  2.0  0.7248 -0.5745  1.3080 -0.6914 y  L PHOENIX
 4.50  7800.  0.0  2.0  0.6496 -0.4738  1.2425 -0.6739 y  L PHOENIX
 5.00  7800.  0.0  2.0  0.6802 -0.5598  1.3000 -0.6812 y  L PHOENIX
 3.50  8000.  0.0  2.0  0.5252 -0.0732  0.6402 -0.3765 y  L PHOENIX
 4.00  8000.  0.0  2.0  0.6875 -0.3990  1.0575 -0.5875 y  L PHOENIX
 4.50  8000.  0.0  2.0  0.6132 -0.3205  1.0369 -0.5956 y  L PHOENIX
 5.00  8000.  0.0  2.0  0.6167 -0.3658  1.0932 -0.6166 y  L PHOENIX
 3.50  8200.  0.0  2.0  0.4933  0.1568  0.2190 -0.1602 y  L PHOENIX
 4.00  8200.  0.0  2.0  0.7094 -0.4460  1.0703 -0.5766 y  L PHOENIX
 4.50  8200.  0.0  2.0  0.5817 -0.1674  0.8136 -0.5025 y  L PHOENIX
 5.00  8200.  0.0  2.0  0.5692 -0.1854  0.8639 -0.5309 y  L PHOENIX
 3.50  8400.  0.0  2.0  0.4487  0.4182 -0.1820  0.0167 y  L PHOENIX
 4.00  8400.  0.0  2.0  0.5970 -0.0071  0.5013 -0.3434 y  L PHOENIX
 4.50  8400.  0.0  2.0  0.5690 -0.0681  0.6385 -0.4205 y  L PHOENIX
 5.00  8400.  0.0  2.0  0.5378 -0.0369  0.6500 -0.4429 y  L PHOENIX
 3.50  8600.  0.0  2.0  0.4667  0.3898 -0.1678  0.0065 y  L PHOENIX
 4.00  8600.  0.0  2.0  0.6290 -0.0084  0.3285 -0.2097 y  L PHOENIX
 4.50  8600.  0.0  2.0  0.5947 -0.1260  0.6671 -0.4190 y  L PHOENIX
 5.00  8600.  0.0  2.0  0.5149  0.0929  0.4482 -0.3562 y  L PHOENIX
 3.50  8800.  0.0  2.0  0.4904  0.3505 -0.1634  0.0113 y  L PHOENIX
 4.00  8800.  0.0  2.0  0.6850 -0.1052  0.2992 -0.1466 y  L PHOENIX
 4.50  8800.  0.0  2.0  0.5515  0.1057  0.2957 -0.2411 y  L PHOENIX
 5.00  8800.  0.0  2.0  0.5184  0.1322  0.3438 -0.3004 y  L PHOENIX
 3.50  9000.  0.0  2.0  0.5052  0.4283 -0.3328  0.0920 y  L PHOENIX
 4.00  9000.  0.0  2.0  0.6964 -0.1183  0.2978 -0.1567 y  L PHOENIX
 4.50  9000.  0.0  2.0  0.6243 -0.0054  0.1985 -0.1182 y  L PHOENIX
 5.00  9000.  0.0  2.0  0.6164 -0.1650  0.6218 -0.3781 y  L PHOENIX
 3.50  9200.  0.0  2.0  0.5428  0.3047 -0.2028  0.0416 y  L PHOENIX
 4.00  9200.  0.0  2.0  0.7045 -0.0507  0.1522 -0.0872 y  L PHOENIX
 4.50  9200.  0.0  2.0  0.6193  0.0289  0.1378 -0.0954 y  L PHOENIX
 5.00  9200.  0.0  2.0  0.6104 -0.0658  0.3940 -0.2519 y  L PHOENIX
 3.50  9400.  0.0  2.0  0.6540  0.0377  0.0515 -0.0489 y  L PHOENIX
 4.00  9400.  0.0  2.0  0.6989 -0.0214  0.0944 -0.0612 y  L PHOENIX
 4.50  9400.  0.0  2.0  0.6280  0.0108  0.1395 -0.0953 y  L PHOENIX
 5.00  9400.  0.0  2.0  0.6208 -0.0172  0.1901 -0.1164 y  L PHOENIX
 3.50  9600.  0.0  2.0  0.6366  0.0556  0.0365 -0.0459 y  L PHOENIX
 4.00  9600.  0.0  2.0  0.7012 -0.0610  0.1408 -0.0810 y  L PHOENIX
 4.50  9600.  0.0  2.0  0.6329  0.0028  0.1277 -0.0877 y  L PHOENIX
 5.00  9600.  0.0  2.0  0.6376 -0.0973  0.2730 -0.1407 y  L PHOENIX
 3.50  9800.  0.0  2.0  0.6629  0.0132  0.0531 -0.0473 y  L PHOENIX
 4.00  9800.  0.0  2.0  0.7136 -0.0940  0.1632 -0.0881 y  L PHOENIX
 4.50  9800.  0.0  2.0  0.6501 -0.0231  0.1288 -0.0835 y  L PHOENIX
 5.00  9800.  0.0  2.0  0.6319 -0.0178  0.1362 -0.0875 y  L PHOENIX
