 3.50  2000.  0.0  2.0  0.1579  0.4483  0.4441 -0.0483 z, L PHOENIX
 4.00  2000.  0.0  2.0  0.2059  0.3756  0.4954 -0.0729 z, L PHOENIX
 4.50  2000.  0.0  2.0  0.2253  0.3529  0.4854 -0.0586 z, L PHOENIX
 5.00  2000.  0.0  2.0  0.2316  0.4002  0.3775 -0.0040 z, L PHOENIX
 3.50  2200.  0.0  2.0  0.1491  0.5252  0.4641 -0.1370 z, L PHOENIX
 4.00  2200.  0.0  2.0  0.1915  0.4932  0.4723 -0.1551 z, L PHOENIX
 4.50  2200.  0.0  2.0  0.2166  0.3842  0.5879 -0.1859 z, L PHOENIX
 5.00  2200.  0.0  2.0  0.2477  0.3318  0.5904 -0.1653 z, L PHOENIX
 3.50  2400.  0.0  2.0  0.1668  0.8099  0.1706 -0.1477 z, L PHOENIX
 4.00  2400.  0.0  2.0  0.1965  0.8295  0.1044 -0.1324 z, L PHOENIX
 4.50  2400.  0.0  2.0  0.1929  0.7652  0.2111 -0.1726 z, L PHOENIX
 5.00  2400.  0.0  2.0  0.2329  0.5870  0.4167 -0.2383 z, L PHOENIX
 3.50  2600.  0.0  2.0  0.3842  1.1369 -0.6630  0.1409 z, L PHOENIX
 4.00  2600.  0.0  2.0  0.3048  1.2221 -0.6481  0.1149 z, L PHOENIX
 4.50  2600.  0.0  2.0  0.2880  1.2436 -0.6506  0.1093 z, L PHOENIX
 5.00  2600.  0.0  2.0  0.2362  1.2246 -0.5170  0.0429 z, L PHOENIX
 3.50  2800.  0.0  2.0  0.9552  0.1586 -0.1601  0.0438 z, L PHOENIX
 4.00  2800.  0.0  2.0  0.6914  0.7921 -0.6981  0.2013 z, L PHOENIX
 4.50  2800.  0.0  2.0  0.6546  0.9878 -0.9520  0.2966 z, L PHOENIX
 5.00  2800.  0.0  2.0  0.5052  1.3207 -1.2183  0.3728 z, L PHOENIX
 3.50  3000.  0.0  2.0  1.2516 -0.6852  0.6227 -0.2120 z, L PHOENIX
 4.00  3000.  0.0  2.0  1.3460 -0.6864  0.4559 -0.1439 z, L PHOENIX
 4.50  3000.  0.0  2.0  1.3198 -0.4792  0.1596 -0.0276 z, L PHOENIX
 5.00  3000.  0.0  2.0  1.0769  0.2031 -0.5131  0.2044 z, L PHOENIX
 3.50  3200.  0.0  2.0  1.1990 -0.8568  0.9190 -0.3024 z, L PHOENIX
 4.00  3200.  0.0  2.0  1.3905 -0.9656  0.7785 -0.2625 z, L PHOENIX
 4.50  3200.  0.0  2.0  1.5164 -1.1023  0.7561 -0.2346 z, L PHOENIX
 5.00  3200.  0.0  2.0  1.5449 -1.0599  0.6243 -0.1728 z, L PHOENIX
 3.50  3400.  0.0  2.0  0.9668 -0.6763  0.8970 -0.2477 z, L PHOENIX
 4.00  3400.  0.0  2.0  1.1520 -0.6567  0.6490 -0.2368 z, L PHOENIX
 4.50  3400.  0.0  2.0  1.3940 -0.9478  0.6523 -0.2062 z, L PHOENIX
 5.00  3400.  0.0  2.0  1.5749 -1.2804  0.8452 -0.2497 z, L PHOENIX
 3.50  3600.  0.0  2.0  0.6392 -0.3239  0.9350 -0.3407 z, L PHOENIX
 4.00  3600.  0.0  2.0  0.8269 -0.2466  0.4522 -0.1616 z, L PHOENIX
 4.50  3600.  0.0  2.0  1.0697 -0.3573  0.1827 -0.0554 z, L PHOENIX
 5.00  3600.  0.0  2.0  1.3545 -0.8772  0.4800 -0.1240 z, L PHOENIX
 3.50  3800.  0.0  2.0  0.3866  0.0477  0.8791 -0.4227 z, L PHOENIX
 4.00  3800.  0.0  2.0  0.6065 -0.0156  0.4055 -0.1522 z, L PHOENIX
 4.50  3800.  0.0  2.0  0.8363 -0.1305  0.1610 -0.0595 z, L PHOENIX
 5.00  3800.  0.0  2.0  1.1074 -0.4700  0.1757 -0.0292 z, L PHOENIX
 3.50  4000.  0.0  2.0  0.6051 -0.2790  0.7473 -0.3225 z, L PHOENIX
 4.00  4000.  0.0  2.0  0.6695 -0.1820  0.5179 -0.1994 z, L PHOENIX
 4.50  4000.  0.0  2.0  0.7247 -0.3017  0.5778 -0.2169 z, L PHOENIX
 5.00  4000.  0.0  2.0  0.8942 -0.2909  0.2132 -0.0680 z, L PHOENIX
 3.50  4200.  0.0  2.0  0.6382 -0.4839  0.9483 -0.3900 z, L PHOENIX
 4.00  4200.  0.0  2.0  0.7723 -0.5323  0.9292 -0.3678 z, L PHOENIX
 4.50  4200.  0.0  2.0  0.5513  0.0740  0.3212 -0.1444 z, L PHOENIX
 5.00  4200.  0.0  2.0  0.7855 -0.3396  0.4930 -0.1799 z, L PHOENIX
 3.50  4400.  0.0  2.0  0.6266 -0.4386  0.8868 -0.3749 z, L PHOENIX
 4.00  4400.  0.0  2.0  0.8366 -0.6563  1.0159 -0.3964 z, L PHOENIX
 4.50  4400.  0.0  2.0  0.7591 -0.6022  0.9858 -0.3850 z, L PHOENIX
 5.00  4400.  0.0  2.0  0.7057 -0.4404  0.8351 -0.3330 z, L PHOENIX
 3.50  4600.  0.0  2.0  0.6197 -0.3894  0.7767 -0.3276 z, L PHOENIX
 4.00  4600.  0.0  2.0  0.8172 -0.5366  0.8323 -0.3222 z, L PHOENIX
 4.50  4600.  0.0  2.0  0.8052 -0.7243  1.0819 -0.4184 z, L PHOENIX
 5.00  4600.  0.0  2.0  0.7604 -0.6084  0.9646 -0.3753 z, L PHOENIX
 3.50  4800.  0.0  2.0  0.6118 -0.3309  0.6565 -0.2733 z, L PHOENIX
 4.00  4800.  0.0  2.0  0.8274 -0.4670  0.6939 -0.2652 z, L PHOENIX
 4.50  4800.  0.0  2.0  0.8015 -0.6758  0.9947 -0.3871 z, L PHOENIX
 5.00  4800.  0.0  2.0  0.7986 -0.7208  1.0490 -0.4040 z, L PHOENIX
 3.50  5000.  0.0  2.0  0.7367 -0.5828  0.8505 -0.3287 z, L PHOENIX
 4.00  5000.  0.0  2.0  0.9171 -0.8129  1.0096 -0.3721 z, L PHOENIX
 4.50  5000.  0.0  2.0  0.8158 -0.7408  1.0300 -0.3979 z, L PHOENIX
 5.00  5000.  0.0  2.0  0.7897 -0.7037  1.0104 -0.3931 z, L PHOENIX
 3.50  5200.  0.0  2.0  0.7471 -0.6246  0.8750 -0.3379 z, L PHOENIX
 4.00  5200.  0.0  2.0  0.9296 -0.8595  1.0341 -0.3797 z, L PHOENIX
 4.50  5200.  0.0  2.0  0.8150 -0.7311  0.9900 -0.3818 z, L PHOENIX
 5.00  5200.  0.0  2.0  0.7822 -0.6742  0.9523 -0.3719 z, L PHOENIX
 3.50  5400.  0.0  2.0  0.7454 -0.6245  0.8452 -0.3224 z, L PHOENIX
 4.00  5400.  0.0  2.0  0.9346 -0.8800  1.0268 -0.3734 z, L PHOENIX
 4.50  5400.  0.0  2.0  0.8106 -0.7060  0.9266 -0.3540 z, L PHOENIX
 5.00  5400.  0.0  2.0  0.7770 -0.6467  0.8896 -0.3458 z, L PHOENIX
 3.50  5600.  0.0  2.0  0.7439 -0.6389  0.8445 -0.3202 z, L PHOENIX
 4.00  5600.  0.0  2.0  0.9366 -0.9087  1.0445 -0.3796 z, L PHOENIX
 4.50  5600.  0.0  2.0  0.8096 -0.7050  0.9007 -0.3420 z, L PHOENIX
 5.00  5600.  0.0  2.0  0.7977 -0.7286  0.9875 -0.3943 z, L PHOENIX
 3.50  5800.  0.0  2.0  0.7447 -0.6682  0.8682 -0.3286 z, L PHOENIX
 4.00  5800.  0.0  2.0  0.9365 -0.9400  1.0719 -0.3903 z, L PHOENIX
 4.50  5800.  0.0  2.0  0.8098 -0.7176  0.8969 -0.3392 z, L PHOENIX
 5.00  5800.  0.0  2.0  0.8003 -0.7446  0.9885 -0.3951 z, L PHOENIX
 3.50  7000.  0.0  2.0  0.7677 -0.9529  1.2838 -0.5297 z, L PHOENIX
 4.00  7000.  0.0  2.0  0.9697 -1.2832  1.5461 -0.6082 z, L PHOENIX
 4.50  7000.  0.0  2.0  0.8562 -1.0511  1.3314 -0.5422 z, L PHOENIX
 5.00  7000.  0.0  2.0  0.8309 -0.9898  1.2633 -0.5174 z, L PHOENIX
 3.50  7200.  0.0  2.0  0.7510 -0.9213  1.2748 -0.5400 z, L PHOENIX
 4.00  7200.  0.0  2.0  0.9410 -1.2262  1.5293 -0.6281 z, L PHOENIX
 4.50  7200.  0.0  2.0  0.8458 -1.0477  1.3486 -0.5590 z, L PHOENIX
 5.00  7200.  0.0  2.0  0.8233 -0.9946  1.2833 -0.5325 z, L PHOENIX
 3.50  7400.  0.0  2.0  0.7221 -0.8769  1.2718 -0.5588 z, L PHOENIX
 4.00  7400.  0.0  2.0  0.9174 -1.2131  1.5675 -0.6633 z, L PHOENIX
 4.50  7400.  0.0  2.0  0.8290 -1.0194  1.3371 -0.5653 z, L PHOENIX
 5.00  7400.  0.0  2.0  0.8112 -0.9834  1.2871 -0.5424 z, L PHOENIX
 3.50  7600.  0.0  2.0  0.6961 -0.7851  1.1647 -0.5233 z, L PHOENIX
 4.00  7600.  0.0  2.0  0.8913 -1.1421  1.4971 -0.6453 z, L PHOENIX
 4.50  7600.  0.0  2.0  0.8057 -0.9634  1.2904 -0.5576 z, L PHOENIX
 5.00  7600.  0.0  2.0  0.7937 -0.9520  1.2680 -0.5441 z, L PHOENIX
 3.50  7800.  0.0  2.0  0.6692 -0.6587  0.9901 -0.4524 z, L PHOENIX
 4.00  7800.  0.0  2.0  0.8587 -1.0316  1.3672 -0.6000 z, L PHOENIX
 4.50  7800.  0.0  2.0  0.7721 -0.9014  1.2600 -0.5629 z, L PHOENIX
 5.00  7800.  0.0  2.0  0.7708 -0.8965  1.2180 -0.5334 z, L PHOENIX
 3.50  8000.  0.0  2.0  0.6479 -0.5167  0.7632 -0.3502 z, L PHOENIX
 4.00  8000.  0.0  2.0  0.8290 -0.9145  1.2136 -0.5397 z, L PHOENIX
 4.50  8000.  0.0  2.0  0.7480 -0.8210  1.1624 -0.5286 z, L PHOENIX
 5.00  8000.  0.0  2.0  0.7411 -0.8350  1.1758 -0.5301 z, L PHOENIX
 3.50  8200.  0.0  2.0  0.6279 -0.3651  0.5061 -0.2298 z, L PHOENIX
 4.00  8200.  0.0  2.0  0.8310 -0.8974  1.1602 -0.5076 z, L PHOENIX
 4.50  8200.  0.0  2.0  0.7236 -0.7241  1.0325 -0.4774 z, L PHOENIX
 5.00  8200.  0.0  2.0  0.7129 -0.7500  1.0803 -0.4985 z, L PHOENIX
 3.50  8400.  0.0  2.0  0.5911 -0.1643  0.2108 -0.1034 z, L PHOENIX
 4.00  8400.  0.0  2.0  0.7505 -0.6066  0.8093 -0.3730 z, L PHOENIX
 4.50  8400.  0.0  2.0  0.7087 -0.6459  0.9106 -0.4241 z, L PHOENIX
 5.00  8400.  0.0  2.0  0.6897 -0.6624  0.9648 -0.4538 z, L PHOENIX
 3.50  8600.  0.0  2.0  0.6203 -0.2268  0.2569 -0.1186 z, L PHOENIX
 4.00  8600.  0.0  2.0  0.7582 -0.5684  0.6685 -0.2889 z, L PHOENIX
 4.50  8600.  0.0  2.0  0.7190 -0.6561  0.8907 -0.4069 z, L PHOENIX
 5.00  8600.  0.0  2.0  0.6710 -0.5800  0.8475 -0.4062 z, L PHOENIX
 3.50  8800.  0.0  2.0  0.6507 -0.2900  0.2926 -0.1246 z, L PHOENIX
 4.00  8800.  0.0  2.0  0.7695 -0.5445  0.5447 -0.2110 z, L PHOENIX
 4.50  8800.  0.0  2.0  0.6751 -0.4609  0.6139 -0.2867 z, L PHOENIX
 5.00  8800.  0.0  2.0  0.6649 -0.5333  0.7594 -0.3642 z, L PHOENIX
 3.50  9000.  0.0  2.0  0.6673 -0.2407  0.1727 -0.0649 z, L PHOENIX
 4.00  9000.  0.0  2.0  0.7935 -0.6196  0.6185 -0.2420 z, L PHOENIX
 4.50  9000.  0.0  2.0  0.7005 -0.4695  0.4959 -0.2020 z, L PHOENIX
 5.00  9000.  0.0  2.0  0.6978 -0.6045  0.7705 -0.3418 z, L PHOENIX
 3.50  9200.  0.0  2.0  0.7139 -0.3890  0.3296 -0.1229 z, L PHOENIX
 4.00  9200.  0.0  2.0  0.7961 -0.5608  0.5013 -0.1860 z, L PHOENIX
 4.50  9200.  0.0  2.0  0.6979 -0.4580  0.4683 -0.1899 z, L PHOENIX
 5.00  9200.  0.0  2.0  0.6860 -0.5270  0.6275 -0.2728 z, L PHOENIX
 3.50  9400.  0.0  2.0  0.8160 -0.6412  0.5784 -0.2118 z, L PHOENIX
 4.00  9400.  0.0  2.0  0.7933 -0.5529  0.4774 -0.1734 z, L PHOENIX
 4.50  9400.  0.0  2.0  0.7024 -0.4721  0.4678 -0.1860 z, L PHOENIX
 5.00  9400.  0.0  2.0  0.6767 -0.4566  0.4743 -0.1922 z, L PHOENIX
 3.50  9600.  0.0  2.0  0.8131 -0.6637  0.6103 -0.2257 z, L PHOENIX
 4.00  9600.  0.0  2.0  0.8011 -0.6114  0.5471 -0.2007 z, L PHOENIX
 4.50  9600.  0.0  2.0  0.7048 -0.4832  0.4665 -0.1820 z, L PHOENIX
 5.00  9600.  0.0  2.0  0.6706 -0.4524  0.4524 -0.1752 z, L PHOENIX
 3.50  9800.  0.0  2.0  0.8407 -0.7202  0.6538 -0.2387 z, L PHOENIX
 4.00  9800.  0.0  2.0  0.8155 -0.6593  0.5938 -0.2173 z, L PHOENIX
 4.50  9800.  0.0  2.0  0.7191 -0.5142  0.4842 -0.1851 z, L PHOENIX
 5.00  9800.  0.0  2.0  0.6770 -0.4551  0.4401 -0.1721 z, L PHOENIX
