                                        NON LINEAR LIMB-DARKENING LAW

                          u        v       b        y        U        B        V        R        I         J         H         K
 vt log g Teff  log Z

a  2 3.50  2000.  0.0   2.1090   1.8444   2.1286   1.8128   1.9685   1.9779   1.7759   1.4518   1.1686    0.3662    0.2836    0.0969
b  2 3.50  2000.  0.0  -1.1304  -0.8566  -1.1437  -0.8130  -0.9841  -0.9897  -0.7774  -0.4550  -0.1822    0.5555    0.5938    0.6962
a  2 4.00  2000.  0.0   1.9571   1.7386   2.0571   1.7167   1.7975   1.8744   1.6842   1.3705   1.1134    0.3801    0.2949    0.1117
b  2 4.00  2000.  0.0  -0.9669  -0.7449  -1.0686  -0.7140  -0.8019  -0.8813  -0.6834  -0.3745  -0.1311    0.5362    0.5760    0.6687
a  2 4.50  2000.  0.0   1.8262   1.5963   1.9974   1.6466   1.6795   1.7720   1.6172   1.3264   1.0960    0.4008    0.3158    0.1443
b  2 4.50  2000.  0.0  -0.8277  -0.5966  -1.0064  -0.6422  -0.6772  -0.7750  -0.6151  -0.3313  -0.1160    0.5143    0.5570    0.6273
a  2 5.00  2000.  0.0   1.7045   1.4659   1.9071   1.5741   1.5797   1.6617   1.5409   1.2830   1.0796    0.4122    0.3388    0.1797
b  2 5.00  2000.  0.0  -0.7007  -0.4632  -0.9110  -0.5683  -0.5741  -0.6613  -0.5376  -0.2891  -0.1022    0.5013    0.5358    0.5765
a  2 3.50  2200.  0.0   1.8402   1.5497   1.9959   1.7369   1.7233   1.7918   1.7206   1.4562   1.1874    0.1751    0.1470    0.0066
b  2 3.50  2200.  0.0  -0.8493  -0.5508  -1.0004  -0.7313  -0.7285  -0.7924  -0.7171  -0.4575  -0.1988    0.6969    0.6865    0.7388
a  2 4.00  2200.  0.0   1.7462   1.5185   1.9130   1.6302   1.6082   1.7107   1.6204   1.3540   1.1197    0.1901    0.1560    0.0150
b  2 4.00  2200.  0.0  -0.7475  -0.5167  -0.9142  -0.6228  -0.6079  -0.7090  -0.6153  -0.3566  -0.1364    0.6767    0.6691    0.7156
a  2 4.50  2200.  0.0   1.6700   1.4838   1.9059   1.5818   1.5131   1.6766   1.5752   1.3083   1.1150    0.2301    0.1870    0.0460
b  2 4.50  2200.  0.0  -0.6676  -0.4830  -0.9088  -0.5750  -0.5092  -0.6764  -0.5710  -0.3129  -0.1346    0.6425    0.6444    0.6861
a  2 5.00  2200.  0.0   1.5540   1.3531   1.8357   1.5103   1.4180   1.5759   1.4970   1.2580   1.1047    0.2632    0.2133    0.0921
b  2 5.00  2200.  0.0  -0.5481  -0.3500  -0.8364  -0.5038  -0.4126  -0.5742  -0.4928  -0.2644  -0.1273    0.6126    0.6239    0.6347
a  2 3.50  2400.  0.0   1.4613   1.1524   1.7217   1.5191   1.3416   1.4695   1.5144   1.3218   1.0967    0.0301    0.0330   -0.0600
b  2 3.50  2400.  0.0  -0.4633  -0.1550  -0.7123  -0.5065  -0.3407  -0.4612  -0.5036  -0.3213  -0.1089    0.7733    0.7399    0.7431
a  2 4.00  2400.  0.0   1.4250   1.1758   1.6435   1.4312   1.3151   1.4215   1.4276   1.2289   1.0374    0.0355    0.0375   -0.0572
b  2 4.00  2400.  0.0  -0.4213  -0.1745  -0.6330  -0.4194  -0.3124  -0.4129  -0.4178  -0.2328  -0.0562    0.7608    0.7257    0.7247
a  2 4.50  2400.  0.0   1.4259   1.2380   1.6641   1.4154   1.2977   1.4458   1.4152   1.2027   1.0496    0.0705    0.0631   -0.0384
b  2 4.50  2400.  0.0  -0.4214  -0.2372  -0.6561  -0.4059  -0.2965  -0.4404  -0.4078  -0.2101  -0.0713    0.7366    0.7092    0.7101
a  2 5.00  2400.  0.0   1.3470   1.1884   1.6611   1.3783   1.2068   1.4114   1.3722   1.1592   1.0559    0.1165    0.0918    0.0006
b  2 5.00  2400.  0.0  -0.3436  -0.1928  -0.6558  -0.3723  -0.2078  -0.4107  -0.3681  -0.1706  -0.0815    0.7019    0.6915    0.6761
a  2 3.50  2600.  0.0   0.9820   0.7157   1.2662   1.1029   0.8695   1.0131   1.0975   0.9573   0.7684   -0.0593   -0.0466   -0.0999
b  2 3.50  2600.  0.0   0.0023   0.2474  -0.2517  -0.0956   0.1099  -0.0151  -0.0920   0.0287   0.1987    0.7671    0.7291    0.6937
a  2 4.00  2600.  0.0   1.0654   0.8135   1.3150   1.1490   0.9614   1.0794   1.1389   0.9855   0.8139   -0.0538   -0.0364   -0.0974
b  2 4.00  2600.  0.0  -0.0712   0.1660  -0.3013  -0.1423   0.0285  -0.0778  -0.1345  -0.0026   0.1531    0.7690    0.7268    0.6958
a  2 4.50  2600.  0.0   1.0802   0.8855   1.3163   1.1334   0.9862   1.1011   1.1242   0.9603   0.8074   -0.0378   -0.0251   -0.0896
b  2 4.50  2600.  0.0  -0.0857   0.0979  -0.3048  -0.1300   0.0004  -0.1018  -0.1232   0.0168   0.1555    0.7590    0.7212    0.6869
a  2 5.00  2600.  0.0   1.0897   0.9633   1.3805   1.1666   0.9744   1.1604   1.1530   0.9722   0.8526   -0.0009   -0.0081   -0.0655
b  2 5.00  2600.  0.0  -0.0990   0.0173  -0.3714  -0.1665   0.0061  -0.1654  -0.1551   0.0010   0.1102    0.7429    0.7220    0.6763
a  2 3.50  2800.  0.0   0.6784   0.4994   0.9102   0.7429   0.5838   0.7129   0.7337   0.5921   0.4449   -0.0597   -0.0431   -0.0876
b  2 3.50  2800.  0.0   0.2724   0.4157   0.0805   0.2263   0.3534   0.2493   0.2321   0.3409   0.4592    0.6939    0.6618    0.6200
a  2 4.00  2800.  0.0   0.7444   0.5469   1.0012   0.8508   0.6630   0.7829   0.8358   0.6919   0.5282   -0.0760   -0.0577   -0.1013
b  2 4.00  2800.  0.0   0.2201   0.3873  -0.0038   0.1268   0.2896   0.1898   0.1370   0.2452   0.3910    0.7149    0.6800    0.6360
a  2 4.50  2800.  0.0   0.7647   0.5767   0.9871   0.8490   0.6884   0.7835   0.8373   0.7082   0.5210   -0.0803   -0.0676   -0.1078
b  2 4.50  2800.  0.0   0.2010   0.3646   0.0112   0.1307   0.2654   0.1898   0.1375   0.2309   0.4011    0.7170    0.6862    0.6355
a  2 5.00  2800.  0.0   0.8160   0.6801   1.0481   0.9055   0.7503   0.8564   0.8848   0.7473   0.5589   -0.0675   -0.0657   -0.1008
b  2 5.00  2800.  0.0   0.1455   0.2687  -0.0475   0.0750   0.1963   0.1182   0.0907   0.1899   0.3677    0.7232    0.7017    0.6401
a  2 3.50  3000.  0.0   0.5631   0.4462   0.7944   0.6167   0.4755   0.6229   0.6070   0.4498   0.3518   -0.0210   -0.0194   -0.0729
b  2 3.50  3000.  0.0   0.3622   0.4411   0.1689   0.3142   0.4318   0.3110   0.3186   0.4317   0.4990    0.6287    0.6297    0.5947
a  2 4.00  3000.  0.0   0.4808   0.3454   0.6835   0.5549   0.4080   0.5123   0.5515   0.4305   0.2719   -0.0703   -0.0689   -0.0998
b  2 4.00  3000.  0.0   0.4332   0.5239   0.2742   0.3715   0.4873   0.4088   0.3692   0.4448   0.5672    0.6346    0.6265    0.5710
a  2 4.50  3000.  0.0   0.4812   0.3381   0.6625   0.5563   0.4227   0.4973   0.5589   0.4564   0.2574   -0.0842   -0.0860   -0.1079
b  2 4.50  3000.  0.0   0.4335   0.5352   0.2974   0.3744   0.4746   0.4246   0.3659   0.4225   0.5860    0.6397    0.6309    0.5662
a  2 5.00  3000.  0.0   0.5736   0.4345   0.7436   0.6456   0.5201   0.5852   0.6406   0.5392   0.3124   -0.0850   -0.0896   -0.1079
b  2 5.00  3000.  0.0   0.3467   0.4612   0.2283   0.2976   0.3833   0.3499   0.2955   0.3485   0.5509    0.6626    0.6541    0.5830
a  2 3.50  3200.  0.0   0.5626   0.5087   0.9102   0.7030   0.4717   0.7131   0.6921   0.4830   0.4411    0.0762    0.0488   -0.0273
b  2 3.50  3200.  0.0   0.3526   0.3731   0.0411   0.2105   0.4240   0.2119   0.2145   0.3703   0.3942    0.5526    0.6092    0.5862
a  2 4.00  3200.  0.0   0.4360   0.3310   0.6605   0.5453   0.3617   0.4943   0.5453   0.4141   0.2636   -0.0462   -0.0778   -0.1016
b  2 4.00  3200.  0.0   0.4569   0.5182   0.2774   0.3551   0.5102   0.4070   0.3483   0.4244   0.5408    0.5964    0.6296    0.5643
a  2 4.50  3200.  0.0   0.3857   0.2718   0.5445   0.4633   0.3296   0.4041   0.4729   0.3771   0.1821   -0.0750   -0.0954   -0.1061
b  2 4.50  3200.  0.0   0.4941   0.5635   0.3844   0.4304   0.5300   0.4839   0.4149   0.4562   0.6067    0.5959    0.6090    0.5351
a  2 5.00  3200.  0.0   0.3912   0.2756   0.5060   0.4398   0.3452   0.3858   0.4519   0.3762   0.1539   -0.0842   -0.1036   -0.1068
b  2 5.00  3200.  0.0   0.4812   0.5602   0.4216   0.4539   0.5081   0.4990   0.4361   0.4574   0.6330    0.6001    0.6069    0.5270
a  2 3.50  3400.  0.0   0.6172   0.6738   1.2122   0.9602   0.5178   0.9783   0.9546   0.6469   0.6510    0.2528    0.1572    0.0617
b  2 3.50  3400.  0.0   0.2913   0.2101  -0.2704  -0.0579   0.3704  -0.0569  -0.0620   0.1819   0.1848    0.4225    0.5606    0.5499
a  2 4.00  3400.  0.0   0.4594   0.3999   0.7976   0.6997   0.3808   0.6076   0.7108   0.5473   0.3741    0.0179   -0.0509   -0.0779
b  2 4.00  3400.  0.0   0.4200   0.4464   0.1325   0.1896   0.4760   0.2886   0.1698   0.2654   0.4209    0.5504    0.6252    0.5563
a  2 4.50  3400.  0.0   0.3680   0.2744   0.5409   0.4951   0.3103   0.4086   0.5131   0.4235   0.1979   -0.0587   -0.1085   -0.1073
b  2 4.50  3400.  0.0   0.4868   0.5421   0.3689   0.3769   0.5226   0.4613   0.3523   0.3779   0.5607    0.5684    0.6050    0.5208
a  2 5.00  3400.  0.0   0.3334   0.2372   0.4231   0.3875   0.2894   0.3267   0.4076   0.3485   0.1162   -0.0784   -0.1142   -0.1059
b  2 5.00  3400.  0.0   0.5037   0.5642   0.4730   0.4727   0.5270   0.5271   0.4482   0.4469   0.6232    0.5678    0.5847    0.4990
a  2 3.50  3600.  0.0   0.7327   0.8817   1.4839   1.3029   0.6131   1.2494   1.2932   0.9436   0.8474    0.2904    0.1150    0.0437
b  2 3.50  3600.  0.0   0.1622   0.0087  -0.5489  -0.4078   0.2615  -0.3291  -0.4109  -0.1400  -0.0052    0.4129    0.5902    0.5578
a  2 4.00  3600.  0.0   0.5265   0.5713   1.0527   0.9636   0.4254   0.8321   0.9942   0.7781   0.5556    0.1669    0.0561    0.0133
b  2 4.00  3600.  0.0   0.3283   0.2754  -0.1335  -0.0842   0.4046   0.0570  -0.1246   0.0105   0.2369    0.4461    0.5707    0.5122
a  2 4.50  3600.  0.0   0.4038   0.3506   0.6220   0.6091   0.3325   0.4894   0.6382   0.5587   0.2685   -0.0104   -0.0785   -0.0789
b  2 4.50  3600.  0.0   0.4195   0.4586   0.2724   0.2486   0.4633   0.3663   0.2135   0.2192   0.4721    0.5309    0.5772    0.4940
a  2 5.00  3600.  0.0   0.3323   0.2534   0.4132   0.4027   0.2837   0.3339   0.4334   0.3974   0.1276   -0.0632   -0.1124   -0.1000
b  2 5.00  3600.  0.0   0.4686   0.5295   0.4568   0.4320   0.4895   0.4949   0.3991   0.3679   0.5778    0.5413    0.5564    0.4720
a  2 3.50  3800.  0.0   0.8689   1.0656   1.5636   1.5359   0.7397   1.3926   1.5066   1.2125   0.9355    0.2812    0.0608    0.0092
b  2 3.50  3800.  0.0   0.0070  -0.1721  -0.6247  -0.6264   0.1180  -0.4684  -0.6105  -0.3960  -0.0753    0.4419    0.6201    0.5714
a  2 4.00  3800.  0.0   0.5879   0.7778   1.2343   1.1813   0.4698   1.0511   1.2113   0.9959   0.6773    0.2738    0.0924    0.0567
b  2 4.00  3800.  0.0   0.2368   0.0631  -0.3208  -0.2978   0.3275  -0.1678  -0.3352  -0.1977   0.1200    0.3726    0.5463    0.4868
a  2 4.50  3800.  0.0   0.4390   0.4995   0.7766   0.7549   0.3519   0.6545   0.7997   0.7110   0.3776    0.1082    0.0135   -0.0055
b  2 4.50  3800.  0.0   0.3534   0.3023   0.1090   0.1012   0.4081   0.1932   0.0552   0.0744   0.3622    0.4510    0.5317    0.4627
a  2 5.00  3800.  0.0   0.3469   0.3237   0.4493   0.4311   0.2885   0.3897   0.4665   0.4425   0.1570   -0.0199   -0.0755   -0.0723
b  2 5.00  3800.  0.0   0.4204   0.4453   0.4000   0.3875   0.4445   0.4213   0.3545   0.3164   0.5275    0.5060    0.5207    0.4458
a  2 3.50  4000.  0.0   0.5742   0.8710   0.9733   0.9218   0.4587   0.9866   0.9270   0.7935   0.5094    0.2854    0.0863    0.0461
b  2 3.50  4000.  0.0   0.1986  -0.0703  -0.0993  -0.0663   0.2823  -0.1419  -0.0673   0.0244   0.2147    0.3199    0.4896    0.4413
a  2 4.00  4000.  0.0   0.5450   0.8023   1.0713   1.0271   0.4242   0.9954   1.0633   0.9525   0.5586    0.2722    0.0860    0.0539
b  2 4.00  4000.  0.0   0.2513   0.0162  -0.1714  -0.1450   0.3401  -0.1299  -0.1799  -0.1212   0.2088    0.3480    0.5088    0.4518
a  2 4.50  4000.  0.0   0.4507   0.6791   0.9633   0.8996   0.3409   0.8643   0.9543   0.8419   0.4982    0.2470    0.0703    0.0495
b  2 4.50  4000.  0.0   0.3137   0.1105  -0.0834  -0.0452   0.3880  -0.0253  -0.0933  -0.0388   0.2404    0.3504    0.5094    0.4453
a  2 5.00  4000.  0.0   0.3586   0.4406   0.5659   0.5124   0.2802   0.5205   0.5497   0.4976   0.2380    0.0768   -0.0035   -0.0156
b  2 5.00  4000.  0.0   0.3856   0.3198   0.2744   0.2972   0.4263   0.2819   0.2692   0.2681   0.4393    0.4399    0.4893    0.4250
a  2 3.50  4200.  0.0   0.5978   0.8772   0.9033   0.8376   0.4816   0.9520   0.8331   0.6595   0.4764    0.2870    0.0846    0.0500
b  2 3.50  4200.  0.0   0.1589  -0.0902  -0.0598  -0.0174   0.2432  -0.1239  -0.0088   0.1098   0.2032    0.2920    0.4699    0.4211
a  2 4.00  4200.  0.0   0.6074   0.8768   1.0139   0.9345   0.4674   1.0131   0.9560   0.8253   0.5076    0.2750    0.0763    0.0441
b  2 4.00  4200.  0.0   0.1962  -0.0508  -0.1149  -0.0508   0.3024  -0.1425  -0.0660   0.0266   0.2479    0.3447    0.5048    0.4513
a  2 4.50  4200.  0.0   0.5998   0.8861   1.0875   1.0159   0.4550   1.0526   1.0546   0.9405   0.5632    0.2806    0.0621    0.0457
b  2 4.50  4200.  0.0   0.1796  -0.0669  -0.1829  -0.1255   0.2880  -0.1832  -0.1574  -0.0881   0.2129    0.3594    0.5361    0.4682
a  2 5.00  4200.  0.0   0.4259   0.6275   0.8080   0.6913   0.3148   0.7534   0.7401   0.6334   0.3749    0.1970    0.0471    0.0311
b  2 5.00  4200.  0.0   0.3218   0.1493   0.0535   0.1390   0.3930   0.0695   0.1048   0.1636   0.3288    0.3730    0.4931    0.4302
a  2 3.50  4400.  0.0   0.6790   0.8935   0.9018   0.7856   0.5618   0.9449   0.7894   0.6097   0.4495    0.2629    0.0729    0.0419
b  2 3.50  4400.  0.0   0.0809  -0.1013  -0.0682   0.0263   0.1652  -0.1145   0.0280   0.1425   0.2179    0.3035    0.4623    0.4134
a  2 4.00  4400.  0.0   0.6991   0.9189   0.9624   0.8525   0.5587   1.0123   0.8559   0.6819   0.4619    0.2582    0.0647    0.0378
b  2 4.00  4400.  0.0   0.1255  -0.0754  -0.0634   0.0248   0.2326  -0.1308   0.0279   0.1612   0.2801    0.3586    0.5018    0.4477
a  2 4.50  4400.  0.0   0.5413   0.8129   0.9499   0.8193   0.3957   0.9512   0.8409   0.6748   0.4650    0.2731    0.0730    0.0549
b  2 4.50  4400.  0.0   0.2346  -0.0099  -0.0743   0.0225   0.3415  -0.1036   0.0134   0.1319   0.2448    0.3232    0.4875    0.4266
a  2 5.00  4400.  0.0   0.5077   0.7980   0.9859   0.8382   0.3619   0.9519   0.8755   0.7232   0.4847    0.2712    0.0531    0.0437
b  2 5.00  4400.  0.0   0.2466  -0.0059  -0.1057   0.0098   0.3510  -0.1089  -0.0107   0.0952   0.2408    0.3372    0.5147    0.4468
a  2 3.50  4600.  0.0   0.7279   0.8740   0.9224   0.7287   0.6199   0.9195   0.7268   0.5615   0.4152    0.2395    0.0716    0.0427
b  2 3.50  4600.  0.0   0.0428  -0.0820  -0.0900   0.0668   0.1183  -0.0906   0.0734   0.1691   0.2327    0.3059    0.4406    0.3927
a  2 4.00  4600.  0.0   0.7935   0.9439   0.9443   0.7939   0.6592   1.0034   0.7970   0.6029   0.4306    0.2358    0.0531    0.0347
b  2 4.00  4600.  0.0   0.0474  -0.0863  -0.0464   0.0731   0.1496  -0.1144   0.0751   0.2163   0.2986    0.3750    0.4989    0.4399
a  2 4.50  4600.  0.0   0.6020   0.8142   0.9429   0.7661   0.4587   0.9415   0.7816   0.6022   0.4353    0.2560    0.0694    0.0530
b  2 4.50  4600.  0.0   0.1886  -0.0023  -0.0707   0.0594   0.2946  -0.0890   0.0547   0.1749   0.2529    0.3252    0.4718    0.4118
a  2 5.00  4600.  0.0   0.5262   0.7734   0.9646   0.7581   0.3771   0.9253   0.7855   0.6123   0.4399    0.2587    0.0692    0.0544
b  2 5.00  4600.  0.0   0.2368   0.0200  -0.0946   0.0617   0.3446  -0.0847   0.0504   0.1671   0.2499    0.3246    0.4741    0.4133
a  2 3.50  4800.  0.0   0.7579   0.8512   0.8995   0.6882   0.6626   0.8947   0.6785   0.5264   0.3879    0.2222    0.0731    0.0507
b  2 3.50  4800.  0.0   0.0260  -0.0574  -0.0662   0.0954   0.0896  -0.0654   0.1065   0.1885   0.2456    0.3075    0.4201    0.3683
a  2 4.00  4800.  0.0   0.8779   0.9507   0.9618   0.7386   0.7478   0.9801   0.7400   0.5514   0.3969    0.2077    0.0446    0.0268
b  2 4.00  4800.  0.0  -0.0184  -0.0806  -0.0613   0.1228   0.0820  -0.0845   0.1252   0.2533   0.3259    0.3956    0.4928    0.4355
a  2 4.50  4800.  0.0   0.6790   0.8200   0.9390   0.7187   0.5352   0.9105   0.7325   0.5567   0.4059    0.2322    0.0640    0.0476
b  2 4.50  4800.  0.0   0.1246  -0.0006  -0.0674   0.0979   0.2326  -0.0547   0.0939   0.2034   0.2702    0.3362    0.4591    0.4011
a  2 5.00  4800.  0.0   0.5739   0.7586   0.9443   0.7098   0.4239   0.8855   0.7358   0.5629   0.4111    0.2409    0.0702    0.0553
b  2 5.00  4800.  0.0   0.1968   0.0357  -0.0797   0.0916   0.3064  -0.0464   0.0810   0.1881   0.2551    0.3216    0.4515    0.3924
a  2 3.50  5000.  0.0   0.7496   0.8258   0.8720   0.6618   0.6473   0.8710   0.6538   0.5013   0.3648    0.2127    0.0762    0.0521
b  2 3.50  5000.  0.0   0.0635  -0.0202  -0.0376   0.1179   0.1423  -0.0385   0.1261   0.2091   0.2656    0.3112    0.4119    0.3616
a  2 4.00  5000.  0.0   0.8065   0.8460   0.8897   0.6555   0.6819   0.8786   0.6513   0.4933   0.3538    0.1949    0.0594    0.0398
b  2 4.00  5000.  0.0   0.0407  -0.0029  -0.0188   0.1587   0.1371  -0.0140   0.1659   0.2563   0.3158    0.3601    0.4441    0.3900
a  2 4.50  5000.  0.0   0.7026   0.7923   0.8853   0.6653   0.5599   0.8567   0.6714   0.5140   0.3751    0.2143    0.0674    0.0501
b  2 4.50  5000.  0.0   0.1001   0.0175  -0.0279   0.1281   0.2077  -0.0136   0.1305   0.2180   0.2744    0.3284    0.4327    0.3767
a  2 5.00  5000.  0.0   0.6275   0.7546   0.8885   0.6659   0.4768   0.8418   0.6847   0.5236   0.3837    0.2205    0.0688    0.0531
b  2 5.00  5000.  0.0   0.1474   0.0378  -0.0319   0.1209   0.2576  -0.0080   0.1166   0.2078   0.2643    0.3232    0.4328    0.3756
a  2 3.50  5200.  0.0   0.7418   0.7985   0.8277   0.6259   0.6510   0.8352   0.6132   0.4714   0.3415    0.1954    0.0718    0.0521
b  2 3.50  5200.  0.0   0.0719   0.0038  -0.0003   0.1400   0.1371  -0.0084   0.1505   0.2221   0.2723    0.3119    0.3967    0.3450
a  2 4.00  5200.  0.0   0.8083   0.8210   0.8392   0.6190   0.6948   0.8401   0.6085   0.4632   0.3304    0.1794    0.0585    0.0400
b  2 4.00  5200.  0.0   0.0419   0.0171   0.0227   0.1801   0.1274   0.0168   0.1910   0.2686   0.3222    0.3580    0.4266    0.3733
a  2 4.50  5200.  0.0   0.7377   0.7837   0.8360   0.6284   0.6049   0.8232   0.6259   0.4822   0.3511    0.1965    0.0663    0.0488
b  2 4.50  5200.  0.0   0.0716   0.0253   0.0136   0.1529   0.1693   0.0150   0.1611   0.2347   0.2843    0.3308    0.4161    0.3620
a  2 5.00  5200.  0.0   0.6806   0.7567   0.8351   0.6296   0.5340   0.8090   0.6376   0.4910   0.3596    0.2018    0.0671    0.0510
b  2 5.00  5200.  0.0   0.1022   0.0368   0.0140   0.1465   0.2077   0.0212   0.1504   0.2262   0.2749    0.3269    0.4173    0.3617
a  2 3.50  5400.  0.0   0.7192   0.7853   0.7873   0.5962   0.6479   0.8027   0.5809   0.4459   0.3210    0.1808    0.0706    0.0511
b  2 3.50  5400.  0.0   0.0895   0.0138   0.0317   0.1565   0.1330   0.0171   0.1677   0.2315   0.2764    0.3105    0.3794    0.3300
a  2 4.00  5400.  0.0   0.7917   0.7986   0.7897   0.5861   0.6913   0.8003   0.5727   0.4350   0.3082    0.1648    0.0576    0.0393
b  2 4.00  5400.  0.0   0.0588   0.0354   0.0625   0.1990   0.1309   0.0491   0.2106   0.2799   0.3279    0.3558    0.4098    0.3584
a  2 4.50  5400.  0.0   0.7493   0.7698   0.7881   0.5940   0.6352   0.7869   0.5869   0.4519   0.3274    0.1802    0.0656    0.0480
b  2 4.50  5400.  0.0   0.0655   0.0384   0.0528   0.1755   0.1450   0.0459   0.1855   0.2501   0.2936    0.3319    0.3997    0.3473
a  2 5.00  5400.  0.0   0.7171   0.7514   0.7866   0.5952   0.5841   0.7746   0.5957   0.4598   0.3360    0.1851    0.0664    0.0500
b  2 5.00  5400.  0.0   0.0745   0.0434   0.0540   0.1700   0.1665   0.0511   0.1782   0.2431   0.2849    0.3289    0.4015    0.3475
a  2 3.50  5600.  0.0   0.6868   0.7780   0.7511   0.5715   0.6484   0.7719   0.5549   0.4255   0.3051    0.1685    0.0687    0.0487
b  2 3.50  5600.  0.0   0.1138   0.0194   0.0591   0.1694   0.1263   0.0409   0.1801   0.2378   0.2773    0.3082    0.3641    0.3173
a  2 4.00  5600.  0.0   0.7648   0.7821   0.7477   0.5597   0.6881   0.7652   0.5449   0.4127   0.2908    0.1526    0.0557    0.0370
b  2 4.00  5600.  0.0   0.0824   0.0489   0.0951   0.2133   0.1312   0.0771   0.2246   0.2873   0.3300    0.3530    0.3955    0.3465
a  2 4.50  5600.  0.0   0.7423   0.7551   0.7449   0.5646   0.6487   0.7518   0.5551   0.4263   0.3074    0.1663    0.0638    0.0461
b  2 4.50  5600.  0.0   0.0749   0.0521   0.0870   0.1938   0.1347   0.0752   0.2038   0.2616   0.2997    0.3315    0.3853    0.3350
a  2 5.00  5600.  0.0   0.7252   0.7235   0.7175   0.5503   0.6155   0.7175   0.5454   0.4247   0.3125    0.1644    0.0536    0.0474
b  2 5.00  5600.  0.0   0.0734   0.0718   0.1137   0.2042   0.1433   0.1029   0.2150   0.2645   0.2954    0.3358    0.3985    0.3376
a  2 3.50  5800.  0.0   0.6487   0.7721   0.7189   0.5497   0.6513   0.7414   0.5329   0.4079   0.2912    0.1579    0.0668    0.0466
b  2 3.50  5800.  0.0   0.1415   0.0240   0.0819   0.1797   0.1185   0.0637   0.1894   0.2421   0.2771    0.3047    0.3499    0.3049
a  2 4.00  5800.  0.0   0.7279   0.7681   0.7109   0.5365   0.6910   0.7325   0.5214   0.3939   0.2761    0.1424    0.0542    0.0350
b  2 4.00  5800.  0.0   0.1119   0.0600   0.1218   0.2247   0.1243   0.1020   0.2350   0.2920   0.3299    0.3488    0.3815    0.3350
a  2 4.50  5800.  0.0   0.7255   0.7399   0.7065   0.5392   0.6610   0.7195   0.5287   0.4048   0.2903    0.1549    0.0625    0.0444
b  2 4.50  5800.  0.0   0.0906   0.0659   0.1159   0.2083   0.1241   0.1008   0.2175   0.2695   0.3030    0.3291    0.3713    0.3232
a  2 5.00  5800.  0.0   0.7216   0.7061   0.6727   0.5201   0.6387   0.6803   0.5133   0.3998   0.2933    0.1522    0.0531    0.0478
b  2 5.00  5800.  0.0   0.0807   0.0886   0.1486   0.2236   0.1265   0.1337   0.2338   0.2758   0.3011    0.3344    0.3842    0.3241
a  2 3.50  7000.  0.0   0.4011   0.5984   0.5438   0.4336   0.5045   0.5482   0.4251   0.3266   0.2291    0.1106    0.0549    0.0363
b  2 3.50  7000.  0.0   0.3019   0.1970   0.2173   0.2460   0.2334   0.2242   0.2450   0.2618   0.2730    0.2786    0.2828    0.2405
a  2 4.00  7000.  0.0   0.4724   0.6160   0.5358   0.4251   0.5508   0.5442   0.4175   0.3173   0.2192    0.1028    0.0472    0.0290
b  2 4.00  7000.  0.0   0.2956   0.2045   0.2513   0.2848   0.2348   0.2526   0.2845   0.3068   0.3199    0.3189    0.3156    0.2736
a  2 4.50  7000.  0.0   0.5049   0.5938   0.5049   0.4047   0.5467   0.5138   0.3990   0.3094   0.2211    0.1090    0.0515    0.0421
b  2 4.50  7000.  0.0   0.2613   0.2074   0.2654   0.2881   0.2233   0.2653   0.2872   0.3003   0.3049    0.3066    0.3089    0.2593
a  2 5.00  7000.  0.0   0.5429   0.5902   0.4902   0.3973   0.5534   0.5006   0.3921   0.3068   0.2225    0.1122    0.0544    0.0476
b  2 5.00  7000.  0.0   0.2315   0.2010   0.2739   0.2890   0.2117   0.2707   0.2898   0.2994   0.3011    0.3041    0.3080    0.2563
a  2 3.50  7200.  0.0   0.3763   0.5532   0.5067   0.4094   0.4711   0.5100   0.4028   0.3114   0.2189    0.1037    0.0527    0.0341
b  2 3.50  7200.  0.0   0.3105   0.2420   0.2510   0.2652   0.2599   0.2598   0.2624   0.2701   0.2758    0.2757    0.2749    0.2331
a  2 4.00  7200.  0.0   0.4422   0.5484   0.4734   0.3772   0.5056   0.4820   0.3726   0.2860   0.2004    0.0903    0.0406    0.0277
b  2 4.00  7200.  0.0   0.3120   0.2678   0.3062   0.3248   0.2726   0.3079   0.3216   0.3299   0.3309    0.3220    0.3126    0.2664
a  2 4.50  7200.  0.0   0.4735   0.5585   0.4751   0.3838   0.5173   0.4827   0.3794   0.2954   0.2114    0.1027    0.0499    0.0398
b  2 4.50  7200.  0.0   0.2786   0.2413   0.2897   0.3027   0.2461   0.2916   0.3003   0.3065   0.3064    0.3032    0.3003    0.2519
a  2 5.00  7200.  0.0   0.5091   0.5606   0.4645   0.3789   0.5283   0.4727   0.3744   0.2940   0.2134    0.1066    0.0533    0.0457
b  2 5.00  7200.  0.0   0.2527   0.2294   0.2930   0.3007   0.2310   0.2930   0.3001   0.3039   0.3015    0.3000    0.2989    0.2487
a  2 3.50  7400.  0.0   0.3635   0.5092   0.4722   0.3886   0.4439   0.4741   0.3838   0.3011   0.2142    0.1015    0.0536    0.0365
b  2 3.50  7400.  0.0   0.3054   0.2852   0.2826   0.2817   0.2789   0.2932   0.2771   0.2741   0.2737    0.2693    0.2654    0.2222
a  2 4.00  7400.  0.0   0.4253   0.5060   0.4407   0.3570   0.4770   0.4479   0.3541   0.2758   0.1960    0.0884    0.0420    0.0301
b  2 4.00  7400.  0.0   0.3139   0.3085   0.3348   0.3399   0.2936   0.3387   0.3348   0.3332   0.3279    0.3149    0.3026    0.2554
a  2 4.50  7400.  0.0   0.4459   0.5194   0.4428   0.3612   0.4862   0.4496   0.3581   0.2806   0.2016    0.0967    0.0483    0.0375
b  2 4.50  7400.  0.0   0.2917   0.2785   0.3167   0.3194   0.2699   0.3202   0.3155   0.3140   0.3085    0.2998    0.2921    0.2448
a  2 5.00  7400.  0.0   0.4794   0.5264   0.4371   0.3592   0.5008   0.4436   0.3555   0.2807   0.2043    0.1012    0.0520    0.0436
b  2 5.00  7400.  0.0   0.2686   0.2618   0.3144   0.3141   0.2516   0.3167   0.3121   0.3093   0.3024    0.2961    0.2901    0.2414
a  2 3.50  7600.  0.0   0.3393   0.4681   0.4367   0.3633   0.4136   0.4390   0.3596   0.2836   0.2026    0.0952    0.0516    0.0341
b  2 3.50  7600.  0.0   0.3118   0.3233   0.3127   0.3001   0.3002   0.3237   0.2944   0.2827   0.2769    0.2652    0.2573    0.2152
a  2 4.00  7600.  0.0   0.3975   0.4592   0.4023   0.3307   0.4407   0.4090   0.3290   0.2586   0.1848    0.0830    0.0411    0.0281
b  2 4.00  7600.  0.0   0.3256   0.3516   0.3670   0.3588   0.3208   0.3721   0.3525   0.3413   0.3299    0.3095    0.2930    0.2474
a  2 4.50  7600.  0.0   0.4207   0.4769   0.4081   0.3371   0.4543   0.4142   0.3350   0.2648   0.1915    0.0909    0.0466    0.0352
b  2 4.50  7600.  0.0   0.3023   0.3188   0.3463   0.3377   0.2942   0.3512   0.3326   0.3225   0.3112    0.2963    0.2843    0.2382
a  2 5.00  7600.  0.0   0.4524   0.4883   0.4076   0.3380   0.4709   0.4128   0.3352   0.2667   0.1951    0.0960    0.0506    0.0415
b  2 5.00  7600.  0.0   0.2812   0.2975   0.3382   0.3292   0.2738   0.3425   0.3260   0.3158   0.3038    0.2921    0.2819    0.2345
a  2 3.50  7800.  0.0   0.3199   0.4523   0.4157   0.3433   0.3999   0.4221   0.3400   0.2659   0.1896    0.0874    0.0477    0.0308
b  2 3.50  7800.  0.0   0.3175   0.3376   0.3295   0.3140   0.3079   0.3374   0.3080   0.2927   0.2828    0.2643    0.2528    0.2111
a  2 4.00  7800.  0.0   0.3719   0.4158   0.3659   0.3051   0.4080   0.3725   0.3043   0.2412   0.1734    0.0773    0.0393    0.0253
b  2 4.00  7800.  0.0   0.3369   0.3916   0.3978   0.3776   0.3455   0.4038   0.3705   0.3505   0.3333    0.3054    0.2855    0.2416
a  2 4.50  7800.  0.0   0.4084   0.4349   0.3754   0.3162   0.4297   0.3806   0.3152   0.2539   0.1869    0.0895    0.0480    0.0378
b  2 4.50  7800.  0.0   0.3002   0.3589   0.3750   0.3540   0.3113   0.3816   0.3476   0.3274   0.3094    0.2898    0.2752    0.2279
a  2 5.00  7800.  0.0   0.4273   0.4468   0.3759   0.3153   0.4403   0.3802   0.3132   0.2518   0.1858    0.0909    0.0492    0.0394
b  2 5.00  7800.  0.0   0.2916   0.3361   0.3642   0.3459   0.2964   0.3702   0.3416   0.3234   0.3057    0.2882    0.2742    0.2280
a  2 3.50  8000.  0.0   0.3064   0.4871   0.4192   0.3292   0.4170   0.4393   0.3253   0.2458   0.1733    0.0769    0.0412    0.0266
b  2 3.50  8000.  0.0   0.3201   0.3027   0.3217   0.3211   0.2874   0.3174   0.3157   0.3042   0.2920    0.2667    0.2518    0.2094
a  2 4.00  8000.  0.0   0.3486   0.3813   0.3362   0.2836   0.3816   0.3436   0.2828   0.2253   0.1625    0.0716    0.0368    0.0222
b  2 4.00  8000.  0.0   0.3472   0.4226   0.4219   0.3926   0.3647   0.4280   0.3853   0.3583   0.3367    0.3019    0.2793    0.2371
a  2 4.50  8000.  0.0   0.3821   0.3915   0.3411   0.2920   0.3977   0.3461   0.2915   0.2375   0.1764    0.0847    0.0470    0.0354
b  2 4.50  8000.  0.0   0.3096   0.3975   0.4021   0.3701   0.3335   0.4098   0.3633   0.3344   0.3108    0.2839    0.2660    0.2206
a  2 5.00  8000.  0.0   0.4117   0.4051   0.3450   0.2944   0.4152   0.3484   0.2930   0.2399   0.1799    0.0886    0.0498    0.0405
b  2 5.00  8000.  0.0   0.2928   0.3750   0.3903   0.3616   0.3135   0.3979   0.3563   0.3288   0.3049    0.2824    0.2656    0.2190
a  2 3.50  8200.  0.0   0.2970   0.5251   0.4365   0.3203   0.4323   0.4663   0.3151   0.2251   0.1557    0.0660    0.0342    0.0233
b  2 3.50  8200.  0.0   0.3200   0.2642   0.2995   0.3217   0.2693   0.2874   0.3176   0.3155   0.3023    0.2704    0.2522    0.2080
a  2 4.00  8200.  0.0   0.3258   0.3801   0.3356   0.2851   0.3718   0.3456   0.2832   0.2232   0.1582    0.0679    0.0343    0.0176
b  2 4.00  8200.  0.0   0.3577   0.4240   0.4203   0.3865   0.3692   0.4249   0.3802   0.3529   0.3333    0.2962    0.2731    0.2342
a  2 4.50  8200.  0.0   0.3580   0.3541   0.3118   0.2710   0.3703   0.3172   0.2704   0.2223   0.1661    0.0797    0.0449    0.0325
b  2 4.50  8200.  0.0   0.3189   0.4306   0.4251   0.3840   0.3524   0.4334   0.3771   0.3410   0.3131    0.2794    0.2590    0.2153
a  2 5.00  8200.  0.0   0.3903   0.3621   0.3134   0.2718   0.3870   0.3162   0.2707   0.2252   0.1711    0.0849    0.0491    0.0392
b  2 5.00  8200.  0.0   0.2985   0.4134   0.4157   0.3773   0.3326   0.4245   0.3715   0.3355   0.3059    0.2769    0.2574    0.2119
a  2 3.50  8400.  0.0   0.2967   0.4768   0.3966   0.2920   0.4111   0.4266   0.2863   0.2023   0.1399    0.0586    0.0301    0.0238
b  2 3.50  8400.  0.0   0.3128   0.3051   0.3312   0.3432   0.2856   0.3197   0.3396   0.3327   0.3146    0.2747    0.2536    0.2055
a  2 4.00  8400.  0.0   0.3354   0.3734   0.3150   0.2628   0.3768   0.3324   0.2611   0.2066   0.1485    0.0636    0.0320    0.0202
b  2 4.00  8400.  0.0   0.3447   0.4305   0.4397   0.4077   0.3635   0.4375   0.4012   0.3685   0.3431    0.2995    0.2747    0.2313
a  2 4.50  8400.  0.0   0.3353   0.3280   0.2911   0.2554   0.3486   0.2979   0.2538   0.2094   0.1561    0.0746    0.0423    0.0292
b  2 4.50  8400.  0.0   0.3275   0.4524   0.4396   0.3924   0.3663   0.4476   0.3861   0.3451   0.3148    0.2751    0.2530    0.2111
a  2 5.00  8400.  0.0   0.3673   0.3216   0.2839   0.2505   0.3592   0.2866   0.2492   0.2105   0.1613    0.0806    0.0475    0.0366
b  2 5.00  8400.  0.0   0.3061   0.4486   0.4382   0.3911   0.3512   0.4482   0.3853   0.3416   0.3075    0.2717    0.2501    0.2063
a  2 3.50  8600.  0.0   0.2828   0.4413   0.3610   0.2708   0.3861   0.3918   0.2657   0.1926   0.1332    0.0579    0.0305    0.0224
b  2 3.50  8600.  0.0   0.3151   0.3308   0.3561   0.3554   0.3019   0.3447   0.3512   0.3343   0.3142    0.2692    0.2473    0.2013
a  2 4.00  8600.  0.0   0.3101   0.4524   0.3573   0.2665   0.4004   0.3894   0.2624   0.1908   0.1310    0.0528    0.0252    0.0156
b  2 4.00  8600.  0.0   0.3531   0.3474   0.3868   0.3883   0.3305   0.3727   0.3839   0.3664   0.3445    0.2961    0.2695    0.2264
a  2 4.50  8600.  0.0   0.3151   0.3210   0.2868   0.2531   0.3362   0.2951   0.2505   0.2062   0.1515    0.0720    0.0403    0.0254
b  2 4.50  8600.  0.0   0.3344   0.4572   0.4400   0.3890   0.3721   0.4475   0.3835   0.3405   0.3116    0.2688    0.2467    0.2077
a  2 5.00  8600.  0.0   0.3463   0.2825   0.2553   0.2298   0.3325   0.2578   0.2281   0.1962   0.1514    0.0767    0.0457    0.0340
b  2 5.00  8600.  0.0   0.3125   0.4814   0.4595   0.4041   0.3688   0.4704   0.3984   0.3474   0.3094    0.2668    0.2436    0.2014
a  2 3.50  8800.  0.0   0.2705   0.4200   0.3372   0.2551   0.3639   0.3656   0.2503   0.1828   0.1254    0.0554    0.0295    0.0204
b  2 3.50  8800.  0.0   0.3172   0.3433   0.3688   0.3613   0.3154   0.3603   0.3568   0.3351   0.3143    0.2655    0.2427    0.1983
a  2 4.00  8800.  0.0   0.2836   0.4442   0.3639   0.2662   0.3795   0.3911   0.2595   0.1764   0.1146    0.0428    0.0191    0.0116
b  2 4.00  8800.  0.0   0.3640   0.3471   0.3677   0.3727   0.3404   0.3601   0.3707   0.3635   0.3454    0.2934    0.2652    0.2222
a  2 4.50  8800.  0.0   0.3145   0.3511   0.2939   0.2439   0.3504   0.3117   0.2405   0.1922   0.1394    0.0648    0.0356    0.0253
b  2 4.50  8800.  0.0   0.3292   0.4274   0.4304   0.3939   0.3561   0.4298   0.3891   0.3495   0.3199    0.2720    0.2480    0.2055
a  2 5.00  8800.  0.0   0.3258   0.2612   0.2401   0.2176   0.3124   0.2432   0.2152   0.1860   0.1427    0.0728    0.0434    0.0308
b  2 5.00  8800.  0.0   0.3185   0.4970   0.4677   0.4084   0.3801   0.4791   0.4030   0.3483   0.3094    0.2616    0.2375    0.1973
a  2 3.50  9000.  0.0   0.2846   0.3984   0.3101   0.2327   0.3551   0.3371   0.2288   0.1672   0.1137    0.0494    0.0255    0.0203
b  2 3.50  9000.  0.0   0.3102   0.3622   0.3920   0.3826   0.3266   0.3848   0.3777   0.3527   0.3292    0.2750    0.2499    0.2020
a  2 4.00  9000.  0.0   0.2662   0.4035   0.3185   0.2341   0.3500   0.3464   0.2291   0.1625   0.1068    0.0424    0.0194    0.0095
b  2 4.00  9000.  0.0   0.3666   0.3723   0.3961   0.3897   0.3561   0.3887   0.3862   0.3643   0.3416    0.2845    0.2570    0.2171
a  2 4.50  9000.  0.0   0.2750   0.4300   0.3442   0.2473   0.3594   0.3705   0.2415   0.1705   0.1146    0.0494    0.0253    0.0176
b  2 4.50  9000.  0.0   0.3444   0.3390   0.3621   0.3657   0.3306   0.3562   0.3630   0.3446   0.3208    0.2681    0.2422    0.2007
a  2 5.00  9000.  0.0   0.2948   0.2834   0.2607   0.2315   0.3042   0.2654   0.2272   0.1881   0.1363    0.0648    0.0355    0.0232
b  2 5.00  9000.  0.0   0.3313   0.4719   0.4412   0.3848   0.3778   0.4524   0.3808   0.3330   0.3024    0.2561    0.2335    0.1957
a  2 3.50  9200.  0.0   0.2715   0.3823   0.2954   0.2236   0.3360   0.3213   0.2200   0.1630   0.1099    0.0482    0.0248    0.0172
b  2 3.50  9200.  0.0   0.3137   0.3694   0.3954   0.3816   0.3359   0.3897   0.3765   0.3477   0.3246    0.2697    0.2447    0.1998
a  2 4.00  9200.  0.0   0.2735   0.3806   0.2941   0.2146   0.3397   0.3207   0.2102   0.1491   0.0970    0.0375    0.0162    0.0096
b  2 4.00  9200.  0.0   0.3597   0.3903   0.4147   0.4053   0.3647   0.4087   0.4014   0.3760   0.3510    0.2898    0.2608    0.2182
a  2 4.50  9200.  0.0   0.2667   0.3920   0.3138   0.2301   0.3374   0.3374   0.2248   0.1624   0.1099    0.0496    0.0265    0.0179
b  2 4.50  9200.  0.0   0.3410   0.3681   0.3828   0.3740   0.3438   0.3800   0.3708   0.3447   0.3183    0.2617    0.2355    0.1951
a  2 5.00  9200.  0.0   0.2825   0.3234   0.2728   0.2230   0.3128   0.2876   0.2184   0.1733   0.1229    0.0583    0.0320    0.0218
b  2 5.00  9200.  0.0   0.3317   0.4280   0.4208   0.3825   0.3621   0.4238   0.3788   0.3366   0.3061    0.2545    0.2301    0.1915
a  2 3.50  9400.  0.0   0.2613   0.3578   0.2767   0.2076   0.3165   0.3020   0.2042   0.1495   0.0973    0.0387    0.0172    0.0076
b  2 3.50  9400.  0.0   0.3357   0.3888   0.4078   0.3934   0.3584   0.4028   0.3885   0.3598   0.3374    0.2804    0.2536    0.2130
a  2 4.00  9400.  0.0   0.2716   0.3621   0.2773   0.2036   0.3266   0.3026   0.1997   0.1439   0.0940    0.0379    0.0173    0.0109
b  2 4.00  9400.  0.0   0.3526   0.4009   0.4221   0.4081   0.3694   0.4177   0.4038   0.3742   0.3478    0.2849    0.2558    0.2132
a  2 4.50  9400.  0.0   0.2597   0.3705   0.2929   0.2177   0.3225   0.3161   0.2130   0.1568   0.1061    0.0490    0.0267    0.0177
b  2 4.50  9400.  0.0   0.3368   0.3817   0.3941   0.3776   0.3498   0.3922   0.3739   0.3422   0.3146    0.2560    0.2298    0.1902
a  2 5.00  9400.  0.0   0.2672   0.3860   0.3091   0.2250   0.3267   0.3313   0.2195   0.1595   0.1080    0.0501    0.0273    0.0196
b  2 5.00  9400.  0.0   0.3326   0.3626   0.3752   0.3664   0.3395   0.3731   0.3636   0.3357   0.3080    0.2526    0.2265    0.1871
a  2 3.50  9600.  0.0   0.2572   0.3372   0.2673   0.2029   0.3026   0.2901   0.1998   0.1491   0.0979    0.0405    0.0190    0.0083
b  2 3.50  9600.  0.0   0.3276   0.3988   0.4070   0.3888   0.3603   0.4045   0.3838   0.3520   0.3290    0.2725    0.2465    0.2067
a  2 4.00  9600.  0.0   0.2632   0.3435   0.2654   0.1980   0.3110   0.2892   0.1944   0.1431   0.0940    0.0396    0.0190    0.0107
b  2 4.00  9600.  0.0   0.3474   0.4095   0.4228   0.4032   0.3730   0.4202   0.3987   0.3653   0.3385    0.2759    0.2477    0.2072
a  2 4.50  9600.  0.0   0.2557   0.3516   0.2765   0.2079   0.3101   0.2990   0.2036   0.1522   0.1032    0.0488    0.0271    0.0177
b  2 4.50  9600.  0.0   0.3298   0.3928   0.4013   0.3790   0.3534   0.4005   0.3748   0.3391   0.3105    0.2505    0.2243    0.1856
a  2 5.00  9600.  0.0   0.2606   0.3716   0.3071   0.2318   0.3167   0.3250   0.2254   0.1632   0.1087    0.0509    0.0284    0.0197
b  2 5.00  9600.  0.0   0.3256   0.3739   0.3724   0.3535   0.3415   0.3751   0.3512   0.3242   0.2993    0.2444    0.2189    0.1807
a  2 3.50  9800.  0.0   0.2596   0.3144   0.2531   0.1914   0.2913   0.2739   0.1888   0.1409   0.0919    0.0368    0.0164    0.0061
b  2 3.50  9800.  0.0   0.3278   0.4138   0.4145   0.3958   0.3683   0.4136   0.3907   0.3580   0.3340    0.2764    0.2496    0.2099
a  2 4.00  9800.  0.0   0.2613   0.3220   0.2521   0.1898   0.2976   0.2741   0.1866   0.1391   0.0914    0.0390    0.0189    0.0099
b  2 4.00  9800.  0.0   0.3436   0.4231   0.4279   0.4046   0.3792   0.4271   0.3999   0.3640   0.3363    0.2732    0.2449    0.2053
a  2 4.50  9800.  0.0   0.2544   0.3304   0.2602   0.1972   0.2980   0.2817   0.1934   0.1460   0.0990    0.0473    0.0263    0.0169
b  2 4.50  9800.  0.0   0.3265   0.4077   0.4105   0.3837   0.3605   0.4109   0.3792   0.3406   0.3108    0.2490    0.2224    0.1842
a  2 5.00  9800.  0.0   0.2553   0.3377   0.2679   0.2009   0.2978   0.2885   0.1962   0.1466   0.0997    0.0488    0.0277    0.0190
b  2 5.00  9800.  0.0   0.3230   0.3954   0.3980   0.3734   0.3517   0.3986   0.3697   0.3331   0.3023    0.2420    0.2157    0.1781
