                     LINEAR LIMB-DARKENING LAW

  VT log g Teff  log Z    u   

  2 3.50  2000.  0.0   0.8205
  2 4.00  2000.  0.0   0.8195
  2 4.50  2000.  0.0   0.8177
  2 5.00  2000.  0.0   0.8079
  2 3.50  2200.  0.0   0.7795
  2 4.00  2200.  0.0   0.7770
  2 4.50  2200.  0.0   0.7857
  2 5.00  2200.  0.0   0.7828
  2 3.50  2400.  0.0   0.7250
  2 4.00  2400.  0.0   0.7189
  2 4.50  2400.  0.0   0.7327
  2 5.00  2400.  0.0   0.7405
  2 3.50  2600.  0.0   0.6410
  2 4.00  2600.  0.0   0.6500
  2 4.50  2600.  0.0   0.6592
  2 5.00  2600.  0.0   0.6778
  2 3.50  2800.  0.0   0.5576
  2 4.00  2800.  0.0   0.5705
  2 4.50  2800.  0.0   0.5824
  2 5.00  2800.  0.0   0.6023
  2 3.50  3000.  0.0   0.5102
  2 4.00  3000.  0.0   0.4972
  2 4.50  3000.  0.0   0.5049
  2 5.00  3000.  0.0   0.5318
  2 3.50  3200.  0.0   0.5178
  2 4.00  3200.  0.0   0.4755
  2 4.50  3200.  0.0   0.4664
  2 5.00  3200.  0.0   0.4731
  2 3.50  3400.  0.0   0.5807
  2 4.00  3400.  0.0   0.5042
  2 4.50  3400.  0.0   0.4566
  2 5.00  3400.  0.0   0.4436
  2 3.50  3600.  0.0   0.6311
  2 4.00  3600.  0.0   0.5626
  2 4.50  3600.  0.0   0.4770
  2 5.00  3600.  0.0   0.4332
  2 3.50  3800.  0.0   0.6597
  2 4.00  3800.  0.0   0.6029
  2 4.50  3800.  0.0   0.5213
  2 5.00  3800.  0.0   0.4461
  2 3.50  4000.  0.0   0.5429
  2 4.00  4000.  0.0   0.5784
  2 4.50  4000.  0.0   0.5541
  2 5.00  4000.  0.0   0.4718
  2 3.50  4200.  0.0   0.5121
  2 4.00  4200.  0.0   0.5632
  2 4.50  4200.  0.0   0.5854
  2 5.00  4200.  0.0   0.5155
  2 3.50  4400.  0.0   0.4982
  2 4.00  4400.  0.0   0.5458
  2 4.50  4400.  0.0   0.5287
  2 5.00  4400.  0.0   0.5406
  2 3.50  4600.  0.0   0.4826
  2 4.00  4600.  0.0   0.5303
  2 4.50  4600.  0.0   0.5075
  2 5.00  4600.  0.0   0.5076
  2 3.50  4800.  0.0   0.4709
  2 4.00  4800.  0.0   0.5186
  2 4.50  4800.  0.0   0.4935
  2 5.00  4800.  0.0   0.4865
  2 3.50  5000.  0.0   0.4663
  2 4.00  5000.  0.0   0.4840
  2 4.50  5000.  0.0   0.4745
  2 5.00  5000.  0.0   0.4712
  2 3.50  5200.  0.0   0.4519
  2 4.00  5200.  0.0   0.4699
  2 4.50  5200.  0.0   0.4627
  2 5.00  5200.  0.0   0.4601
  2 3.50  5400.  0.0   0.4367
  2 4.00  5400.  0.0   0.4554
  2 4.50  5400.  0.0   0.4500
  2 5.00  5400.  0.0   0.4489
  2 3.50  5600.  0.0   0.4220
  2 4.00  5600.  0.0   0.4413
  2 4.50  5600.  0.0   0.4369
  2 5.00  5600.  0.0   0.4372
  2 3.50  5800.  0.0   0.4078
  2 4.00  5800.  0.0   0.4275
  2 4.50  5800.  0.0   0.4238
  2 5.00  5800.  0.0   0.4251
  2 3.50  7000.  0.0   0.3432
  2 4.00  7000.  0.0   0.3656
  2 4.50  7000.  0.0   0.3614
  2 5.00  7000.  0.0   0.3622
  2 3.50  7200.  0.0   0.3349
  2 4.00  7200.  0.0   0.3566
  2 4.50  7200.  0.0   0.3530
  2 5.00  7200.  0.0   0.3537
  2 3.50  7400.  0.0   0.3280
  2 4.00  7400.  0.0   0.3496
  2 4.50  7400.  0.0   0.3448
  2 5.00  7400.  0.0   0.3455
  2 3.50  7600.  0.0   0.3193
  2 4.00  7600.  0.0   0.3405
  2 4.50  7600.  0.0   0.3368
  2 5.00  7600.  0.0   0.3375
  2 3.50  7800.  0.0   0.3120
  2 4.00  7800.  0.0   0.3324
  2 4.50  7800.  0.0   0.3305
  2 5.00  7800.  0.0   0.3296
  2 3.50  8000.  0.0   0.3055
  2 4.00  8000.  0.0   0.3250
  2 4.50  8000.  0.0   0.3217
  2 5.00  8000.  0.0   0.3230
  2 3.50  8200.  0.0   0.2996
  2 4.00  8200.  0.0   0.3185
  2 4.50  8200.  0.0   0.3138
  2 5.00  8200.  0.0   0.3153
  2 3.50  8400.  0.0   0.2957
  2 4.00  8400.  0.0   0.3175
  2 4.50  8400.  0.0   0.3063
  2 5.00  8400.  0.0   0.3074
  2 3.50  8600.  0.0   0.2898
  2 4.00  8600.  0.0   0.3071
  2 4.50  8600.  0.0   0.2998
  2 5.00  8600.  0.0   0.2999
  2 3.50  8800.  0.0   0.2839
  2 4.00  8800.  0.0   0.2969
  2 4.50  8800.  0.0   0.2969
  2 5.00  8800.  0.0   0.2927
  2 3.50  9000.  0.0   0.2854
  2 4.00  9000.  0.0   0.2884
  2 4.50  9000.  0.0   0.2819
  2 5.00  9000.  0.0   0.2835
  2 3.50  9200.  0.0   0.2796
  2 4.00  9200.  0.0   0.2877
  2 4.50  9200.  0.0   0.2763
  2 5.00  9200.  0.0   0.2771
  2 3.50  9400.  0.0   0.2794
  2 4.00  9400.  0.0   0.2836
  2 4.50  9400.  0.0   0.2709
  2 5.00  9400.  0.0   0.2693
  2 3.50  9600.  0.0   0.2742
  2 4.00  9600.  0.0   0.2775
  2 4.50  9600.  0.0   0.2659
  2 5.00  9600.  0.0   0.2639
  2 3.50  9800.  0.0   0.2735
  2 4.00  9800.  0.0   0.2743
  2 4.50  9800.  0.0   0.2630
  2 5.00  9800.  0.0   0.2589
