                                        NON LINEAR LIMB-DARKENING LAW

      lambda      log g  Teff  log Z     A1      A2      A3      A4

      92.50        3.90  9400. -0.5     1.110   0.307  -0.737   0.320
      93.50        3.90  9400. -0.5     1.104   0.471  -1.025   0.466
      94.50        3.90  9400. -0.5     1.050   0.561  -1.078   0.493
      95.50        3.90  9400. -0.5     1.080   0.426  -0.914   0.436
      96.50        3.90  9400. -0.5     1.085   0.397  -0.882   0.431
      97.50        3.90  9400. -0.5     1.172   0.278  -0.834   0.409
      98.50        3.90  9400. -0.5     1.092   0.308  -0.753   0.383
      99.50        3.90  9400. -0.5     1.092   0.294  -0.737   0.379
     100.50        3.90  9400. -0.5     1.122   0.235  -0.694   0.365
     101.50        3.90  9400. -0.5     1.155   0.217  -0.726   0.383
     102.50        3.90  9400. -0.5     1.024   0.729  -1.310   0.574
     103.50        3.90  9400. -0.5     1.177   0.210  -0.758   0.398
     104.50        3.90  9400. -0.5     1.230  -0.009  -0.495   0.302
     105.50        3.90  9400. -0.5     1.266  -0.111  -0.387   0.260
     106.50        3.90  9400. -0.5     1.265  -0.107  -0.394   0.262
     107.50        3.90  9400. -0.5     1.303  -0.196  -0.319   0.239
     108.50        3.90  9400. -0.5     1.319  -0.239  -0.272   0.219
     109.50        3.90  9400. -0.5     1.307  -0.205  -0.309   0.231
     110.50        3.90  9400. -0.5    -3.477  15.340 -25.780  14.686
     111.50        3.90  9400. -0.5    -3.004  13.347 -22.807  13.263
     112.50        3.90  9400. -0.5    -2.956  13.152 -22.513  13.118
     113.50        3.90  9400. -0.5    -2.933  13.066 -22.382  13.052
     114.50        3.90  9400. -0.5    -3.180  14.102 -23.930  13.796
     115.50        3.90  9400. -0.5    -3.435  15.175 -25.531  14.564
     116.50        3.90  9400. -0.5    -3.786  16.681 -27.716  15.573
     117.50        3.90  9400. -0.5    -3.653  16.538 -27.140  15.009
     118.50        3.90  9400. -0.5    -0.697   6.217 -10.678   6.067
     119.50        3.90  9400. -0.5     1.256  -0.286  -0.146   0.199
     120.50        3.90  9400. -0.5     0.933   0.772  -1.236   0.539
     121.50        3.90  9400. -0.5     0.503   0.894  -0.605   0.144
     122.50        3.90  9400. -0.5     0.892   0.831  -1.243   0.522
     123.50        3.90  9400. -0.5     1.456  -0.839   0.376   0.035
     124.50        3.90  9400. -0.5    -1.211   7.746 -13.233   7.582
     125.50        3.90  9400. -0.5    -2.714  12.432 -21.099  12.196
     126.50        3.90  9400. -0.5    -1.490   7.186 -13.144   8.339
     127.50        3.90  9400. -0.5    -0.860   4.412  -8.862   6.243
     128.50        3.90  9400. -0.5    -0.198   1.481  -4.070   3.759
     129.50        3.90  9400. -0.5     0.169  -0.217  -1.154   2.194
     130.50        3.90  9400. -0.5     0.148  -0.134  -1.235   2.213
     131.50        3.90  9400. -0.5     0.405  -1.479   1.285   0.790
     132.50        3.90  9400. -0.5     0.472  -1.884   2.130   0.284
     133.50        3.90  9400. -0.5     0.483  -1.979   2.389   0.109
     134.50        3.90  9400. -0.5     0.504  -2.231   3.046  -0.322
     135.50        3.90  9400. -0.5     0.488  -2.215   3.117  -0.396
     136.50        3.90  9400. -0.5     0.466  -2.182   3.195  -0.487
     137.50        3.90  9400. -0.5     0.466  -2.222   3.336  -0.589
     138.50        3.90  9400. -0.5     0.441  -2.131   3.210  -0.531
     139.50        3.90  9400. -0.5     0.438  -2.176   3.402  -0.676
     140.50        3.90  9400. -0.5     0.419  -2.133   3.414  -0.714
     141.50        3.90  9400. -0.5     0.396  -2.050   3.348  -0.710
     142.50        3.90  9400. -0.5     0.388  -2.074   3.501  -0.832
     143.50        3.90  9400. -0.5     0.361  -1.955   3.332  -0.756
     144.20        3.90  9400. -0.5     0.354  -1.970   3.452  -0.856
     144.70        3.90  9400. -0.5     0.325  -1.907   3.463  -0.905
     145.50        3.90  9400. -0.5     0.304  -1.829   3.391  -0.893
     146.50        3.90  9400. -0.5     0.295  -1.765   3.259  -0.816
     147.50        3.90  9400. -0.5     0.274  -1.692   3.214  -0.824
     148.50        3.90  9400. -0.5     0.257  -1.655   3.245  -0.878
     149.50        3.90  9400. -0.5     0.243  -1.611   3.237  -0.901
     150.50        3.90  9400. -0.5     0.215  -1.526   3.203  -0.927
     151.20        3.90  9400. -0.5     0.218  -1.504   3.130  -0.878
     151.70        3.90  9400. -0.5     0.233  -1.561   3.205  -0.909
     152.50        3.90  9400. -0.5     0.175  -1.318   2.892  -0.788
     153.50        3.90  9400. -0.5     0.152  -1.189   2.691  -0.695
     154.50        3.90  9400. -0.5     0.090  -1.040   2.629  -0.729
     155.50        3.90  9400. -0.5     0.105  -1.057   2.616  -0.710
     156.50        3.90  9400. -0.5     0.132  -1.109   2.644  -0.708
     157.50        3.90  9400. -0.5     0.064  -0.893   2.504  -0.726
     158.50        3.90  9400. -0.5     0.052  -0.849   2.463  -0.720
     159.50        3.90  9400. -0.5     0.006  -0.694   2.327  -0.698
     160.50        3.90  9400. -0.5     0.034  -0.748   2.374  -0.713
     161.50        3.90  9400. -0.5     0.061  -0.809   2.404  -0.705
     162.50        3.90  9400. -0.5     0.095  -0.885   2.435  -0.690
     163.50        3.90  9400. -0.5     0.070  -0.792   2.386  -0.711
     164.50        3.90  9400. -0.5     0.033  -0.644   2.234  -0.674
     165.50        3.90  9400. -0.5     0.103  -0.816   2.296  -0.625
     166.50        3.90  9400. -0.5     0.030  -0.581   2.157  -0.657
     167.20        3.90  9400. -0.5     0.191  -1.011   2.418  -0.626
     167.70        3.90  9400. -0.5     0.006  -0.471   2.028  -0.617
     168.50        3.90  9400. -0.5    -0.008  -0.417   1.970  -0.601
     169.50        3.90  9400. -0.5     0.016  -0.477   2.003  -0.596
     170.50        3.90  9400. -0.5     0.033  -0.495   2.017  -0.606
     171.50        3.90  9400. -0.5     0.005  -0.374   1.899  -0.584
     172.50        3.90  9400. -0.5     0.003  -0.345   1.852  -0.565
     173.50        3.90  9400. -0.5    -0.020  -0.246   1.745  -0.537
     174.50        3.90  9400. -0.5     0.000  -0.286   1.775  -0.544
     175.50        3.90  9400. -0.5    -0.022  -0.200   1.691  -0.528
     176.50        3.90  9400. -0.5     0.018  -0.302   1.768  -0.539
     177.50        3.90  9400. -0.5    -0.003  -0.215   1.684  -0.522
     178.50        3.90  9400. -0.5     0.020  -0.265   1.719  -0.527
     179.50        3.90  9400. -0.5    -0.017  -0.125   1.579  -0.496
     180.50        3.90  9400. -0.5    -0.027  -0.069   1.490  -0.455
     181.50        3.90  9400. -0.5    -0.023  -0.060   1.476  -0.455
     182.50        3.90  9400. -0.5    -0.007  -0.084   1.480  -0.449
     183.50        3.90  9400. -0.5     0.018  -0.150   1.553  -0.478
     184.50        3.90  9400. -0.5     0.039  -0.188   1.559  -0.467
     185.50        3.90  9400. -0.5     0.029  -0.138   1.526  -0.475
     186.50        3.90  9400. -0.5     0.023  -0.083   1.447  -0.445
     187.50        3.90  9400. -0.5     0.037  -0.120   1.475  -0.450
     188.50        3.90  9400. -0.5     0.040  -0.105   1.453  -0.446
     189.50        3.90  9400. -0.5     0.032  -0.045   1.386  -0.432
     190.50        3.90  9400. -0.5     0.046  -0.060   1.359  -0.404
     191.50        3.90  9400. -0.5     0.043  -0.039   1.364  -0.428
     192.50        3.90  9400. -0.5     0.046  -0.026   1.344  -0.424
     193.50        3.90  9400. -0.5     0.082  -0.139   1.444  -0.444
     194.50        3.90  9400. -0.5     0.057  -0.022   1.315  -0.411
     195.50        3.90  9400. -0.5     0.065  -0.025   1.317  -0.418
     196.70        3.90  9400. -0.5     0.058   0.031   1.227  -0.378
     197.60        3.90  9400. -0.5     0.067   0.021   1.217  -0.368
     198.40        3.90  9400. -0.5     0.075   0.013   1.222  -0.374
     199.50        3.90  9400. -0.5     0.090  -0.008   1.233  -0.378
     200.50        3.90  9400. -0.5     0.103  -0.039   1.248  -0.375
     201.50        3.90  9400. -0.5     0.111  -0.038   1.244  -0.380
     202.50        3.90  9400. -0.5     0.124  -0.066   1.245  -0.366
     203.50        3.90  9400. -0.5     0.121  -0.033   1.225  -0.377
     204.50        3.90  9400. -0.5     0.106   0.042   1.136  -0.351
     205.50        3.90  9400. -0.5     0.128  -0.010   1.185  -0.370
     206.50        3.90  9400. -0.5     0.140  -0.031   1.191  -0.366
     207.40        3.90  9400. -0.5     0.121   0.060   1.083  -0.335
     207.80        3.90  9400. -0.5     0.122   0.059   1.090  -0.341
     208.50        3.90  9400. -0.5     0.129   0.052   1.076  -0.327
     209.50        3.90  9400. -0.5     0.149   0.001   1.139  -0.360
     210.50        3.90  9400. -0.5     0.164  -0.029   1.144  -0.350
     211.50        3.90  9400. -0.5     0.172  -0.039   1.149  -0.354
     212.50        3.90  9400. -0.5     0.167   0.000   1.104  -0.344
     213.50        3.90  9400. -0.5     0.214  -0.122   1.196  -0.360
     214.50        3.90  9400. -0.5     0.192  -0.042   1.119  -0.343
     215.50        3.90  9400. -0.5     0.190  -0.017   1.074  -0.323
     216.50        3.90  9400. -0.5     0.216  -0.087   1.148  -0.353
     217.50        3.90  9400. -0.5     0.224  -0.092   1.142  -0.351
     218.50        3.90  9400. -0.5     0.223  -0.063   1.103  -0.342
     219.50        3.90  9400. -0.5     0.216  -0.026   1.057  -0.328
     220.50        3.90  9400. -0.5     0.236  -0.072   1.102  -0.347
     221.50        3.90  9400. -0.5     0.262  -0.134   1.152  -0.362
     222.50        3.90  9400. -0.5     0.275  -0.160   1.176  -0.374
     223.50        3.90  9400. -0.5     0.245  -0.051   1.050  -0.331
     224.50        3.90  9400. -0.5     0.279  -0.118   1.098  -0.346
     225.50        3.90  9400. -0.5     0.295  -0.169   1.156  -0.369
     226.50        3.90  9400. -0.5     0.298  -0.165   1.139  -0.360
     227.50        3.90  9400. -0.5     0.295  -0.140   1.101  -0.346
     228.50        3.90  9400. -0.5     0.289  -0.112   1.070  -0.339
     229.50        3.90  9400. -0.5     0.308  -0.147   1.093  -0.347
     230.50        3.90  9400. -0.5     0.314  -0.137   1.062  -0.335
     231.50        3.90  9400. -0.5     0.334  -0.183   1.110  -0.359
     232.50        3.90  9400. -0.5     0.459  -0.551   1.466  -0.461
     233.50        3.90  9400. -0.5     0.394  -0.344   1.255  -0.400
     234.50        3.90  9400. -0.5     0.434  -0.450   1.348  -0.426
     235.50        3.90  9400. -0.5     0.365  -0.222   1.122  -0.367
     236.50        3.90  9400. -0.5     0.443  -0.444   1.329  -0.426
     237.50        3.90  9400. -0.5     0.409  -0.327   1.206  -0.392
     238.50        3.90  9400. -0.5     0.490  -0.549   1.417  -0.455
     239.50        3.90  9400. -0.5     0.448  -0.416   1.278  -0.412
     240.50        3.90  9400. -0.5     0.480  -0.490   1.337  -0.432
     241.50        3.90  9400. -0.5     0.467  -0.442   1.280  -0.413
     242.50        3.90  9400. -0.5     0.419  -0.285   1.116  -0.365
     243.50        3.90  9400. -0.5     0.437  -0.301   1.105  -0.360
     244.50        3.90  9400. -0.5     0.424  -0.285   1.105  -0.363
     245.50        3.90  9400. -0.5     0.443  -0.303   1.096  -0.358
     246.50        3.90  9400. -0.5     0.447  -0.313   1.106  -0.363
     247.50        3.90  9400. -0.5     0.463  -0.334   1.109  -0.365
     248.50        3.90  9400. -0.5     0.466  -0.362   1.144  -0.375
     249.50        3.90  9400. -0.5     0.481  -0.387   1.152  -0.374
     250.50        3.90  9400. -0.5     0.445  -0.277   1.055  -0.353
     251.30        3.90  9400. -0.5     0.497  -0.406   1.154  -0.377
     251.80        3.90  9400. -0.5     0.494  -0.398   1.139  -0.370
     252.50        3.90  9400. -0.5     0.520  -0.458   1.192  -0.390
     253.50        3.90  9400. -0.5     0.534  -0.486   1.200  -0.386
     254.50        3.90  9400. -0.5     0.536  -0.485   1.196  -0.386
     255.50        3.90  9400. -0.5     0.518  -0.435   1.156  -0.379
     256.50        3.90  9400. -0.5     0.535  -0.483   1.212  -0.403
     257.50        3.90  9400. -0.5     0.516  -0.425   1.154  -0.387
     258.50        3.90  9400. -0.5     0.534  -0.464   1.194  -0.404
     259.50        3.90  9400. -0.5     0.560  -0.534   1.253  -0.419
     260.50        3.90  9400. -0.5     0.585  -0.577   1.279  -0.428
     261.50        3.90  9400. -0.5     0.603  -0.633   1.339  -0.451
     262.50        3.90  9400. -0.5     0.559  -0.498   1.204  -0.412
     263.50        3.90  9400. -0.5     0.557  -0.476   1.157  -0.389
     264.50        3.90  9400. -0.5     0.507  -0.334   1.016  -0.346
     265.50        3.90  9400. -0.5     0.517  -0.345   1.012  -0.343
     266.50        3.90  9400. -0.5     0.557  -0.457   1.120  -0.381
     267.50        3.90  9400. -0.5     0.546  -0.415   1.070  -0.363
     268.50        3.90  9400. -0.5     0.559  -0.446   1.098  -0.375
     269.50        3.90  9400. -0.5     0.581  -0.492   1.128  -0.383
     270.50        3.90  9400. -0.5     0.578  -0.477   1.107  -0.376
     271.50        3.90  9400. -0.5     0.609  -0.551   1.171  -0.398
     272.50        3.90  9400. -0.5     0.606  -0.540   1.154  -0.393
     273.50        3.90  9400. -0.5     0.584  -0.489   1.119  -0.387
     274.50        3.90  9400. -0.5     0.693  -0.766   1.372  -0.469
     275.50        3.90  9400. -0.5     0.668  -0.687   1.283  -0.440
     276.50        3.90  9400. -0.5     0.655  -0.655   1.250  -0.429
     277.50        3.90  9400. -0.5     0.629  -0.574   1.165  -0.403
     278.50        3.90  9400. -0.5     0.660  -0.654   1.222  -0.417
     279.50        3.90  9400. -0.5     1.074  -1.533   1.865  -0.617
     280.50        3.90  9400. -0.5     0.949  -1.279   1.680  -0.557
     281.50        3.90  9400. -0.5     0.650  -0.619   1.192  -0.415
     282.50        3.90  9400. -0.5     0.633  -0.561   1.131  -0.397
     283.50        3.90  9400. -0.5     0.650  -0.592   1.150  -0.403
     284.50        3.90  9400. -0.5     0.668  -0.629   1.170  -0.408
     285.50        3.90  9400. -0.5     0.689  -0.686   1.227  -0.429
     286.50        3.90  9400. -0.5     0.651  -0.574   1.107  -0.384
     287.50        3.90  9400. -0.5     0.672  -0.622   1.146  -0.400
     288.50        3.90  9400. -0.5     0.678  -0.646   1.171  -0.408
     289.50        3.90  9400. -0.5     0.704  -0.701   1.204  -0.414
     291.00        3.90  9400. -0.5     0.664  -0.606   1.130  -0.397
     293.00        3.90  9400. -0.5     0.688  -0.659   1.169  -0.413
     295.00        3.90  9400. -0.5     0.693  -0.665   1.161  -0.407
     297.00        3.90  9400. -0.5     0.698  -0.665   1.146  -0.402
     299.00        3.90  9400. -0.5     0.704  -0.682   1.163  -0.412
     301.00        3.90  9400. -0.5     0.704  -0.678   1.148  -0.406
     303.00        3.90  9400. -0.5     0.715  -0.700   1.155  -0.406
     305.00        3.90  9400. -0.5     0.731  -0.740   1.191  -0.422
     307.00        3.90  9400. -0.5     0.741  -0.752   1.189  -0.420
     309.00        3.90  9400. -0.5     0.738  -0.743   1.165  -0.410
     311.00        3.90  9400. -0.5     0.757  -0.779   1.184  -0.414
     313.00        3.90  9400. -0.5     0.772  -0.827   1.242  -0.442
     315.00        3.90  9400. -0.5     0.773  -0.823   1.228  -0.438
     317.00        3.90  9400. -0.5     0.777  -0.829   1.220  -0.433
     319.00        3.90  9400. -0.5     0.811  -0.911   1.291  -0.459
     321.00        3.90  9400. -0.5     0.806  -0.903   1.286  -0.460
     323.00        3.90  9400. -0.5     0.812  -0.904   1.259  -0.444
     325.00        3.90  9400. -0.5     0.814  -0.909   1.260  -0.445
     327.00        3.90  9400. -0.5     0.825  -0.938   1.287  -0.457
     329.00        3.90  9400. -0.5     0.825  -0.940   1.284  -0.457
     331.00        3.90  9400. -0.5     0.830  -0.957   1.301  -0.466
     333.00        3.90  9400. -0.5     0.846  -0.991   1.326  -0.475
     335.00        3.90  9400. -0.5     0.856  -1.011   1.331  -0.475
     337.00        3.90  9400. -0.5     0.860  -1.025   1.338  -0.477
     339.00        3.90  9400. -0.5     0.870  -1.047   1.356  -0.485
     341.00        3.90  9400. -0.5     0.867  -1.048   1.355  -0.486
     343.00        3.90  9400. -0.5     0.868  -1.045   1.338  -0.477
     345.00        3.90  9400. -0.5     0.880  -1.083   1.380  -0.496
     347.00        3.90  9400. -0.5     0.893  -1.108   1.392  -0.498
     349.00        3.90  9400. -0.5     0.900  -1.129   1.406  -0.504
     351.00        3.90  9400. -0.5     0.890  -1.098   1.362  -0.484
     353.00        3.90  9400. -0.5     0.889  -1.103   1.361  -0.483
     355.00        3.90  9400. -0.5     0.899  -1.135   1.402  -0.505
     357.00        3.90  9400. -0.5     0.916  -1.181   1.444  -0.521
     359.00        3.90  9400. -0.5     0.912  -1.160   1.394  -0.493
     361.00        3.90  9400. -0.5     0.919  -1.180   1.414  -0.503
     363.00        3.90  9400. -0.5     0.920  -1.180   1.406  -0.499
     364.00        3.90  9400. -0.5     0.928  -1.202   1.426  -0.506
     365.00        3.90  9400. -0.5     0.933  -1.229   1.482  -0.536
     367.00        3.90  9400. -0.5     0.900  -1.200   1.468  -0.527
     369.00        3.90  9400. -0.5     0.872  -1.208   1.339  -0.447
     371.00        3.90  9400. -0.5     0.958  -1.103   1.066  -0.354
     373.00        3.90  9400. -0.5     0.972  -0.989   0.907  -0.304
     375.00        3.90  9400. -0.5     0.873  -0.464   0.373  -0.115
     377.00        3.90  9400. -0.5     0.820  -0.279   0.196  -0.054
     379.00        3.90  9400. -0.5     0.646   0.290  -0.313   0.117
     381.00        3.90  9400. -0.5     0.498   0.709  -0.655   0.219
     383.00        3.90  9400. -0.5     0.626   0.285  -0.296   0.107
     385.00        3.90  9400. -0.5     0.399   1.011  -0.937   0.316
     387.00        3.90  9400. -0.5     0.273   1.358  -1.226   0.403
     389.00        3.90  9400. -0.5     0.791  -0.215   0.131  -0.032
     391.00        3.90  9400. -0.5     0.249   1.422  -1.286   0.422
     393.00        3.90  9400. -0.5     0.129   1.490  -1.116   0.306
     395.00        3.90  9400. -0.5     0.233   1.441  -1.286   0.416
     397.00        3.90  9400. -0.5     0.812  -0.307   0.239  -0.077
     399.00        3.90  9400. -0.5     0.299   1.294  -1.190   0.394
     401.00        3.90  9400. -0.5     0.142   1.719  -1.549   0.498
     403.00        3.90  9400. -0.5     0.126   1.768  -1.595   0.512
     405.00        3.90  9400. -0.5     0.138   1.726  -1.553   0.498
     407.00        3.90  9400. -0.5     0.197   1.559  -1.412   0.459
     409.00        3.90  9400. -0.5     0.503   0.689  -0.655   0.220
     411.00        3.90  9400. -0.5     0.667   0.117  -0.141   0.049
     413.00        3.90  9400. -0.5     0.242   1.428  -1.298   0.422
     415.00        3.90  9400. -0.5     0.179   1.593  -1.429   0.456
     417.00        3.90  9400. -0.5     0.170   1.613  -1.444   0.461
     419.00        3.90  9400. -0.5     0.176   1.586  -1.411   0.448
     421.00        3.90  9400. -0.5     0.183   1.569  -1.397   0.442
     423.00        3.90  9400. -0.5     0.189   1.543  -1.374   0.436
     425.00        3.90  9400. -0.5     0.200   1.517  -1.357   0.434
     427.00        3.90  9400. -0.5     0.201   1.489  -1.314   0.413
     429.00        3.90  9400. -0.5     0.225   1.443  -1.293   0.413
     431.00        3.90  9400. -0.5     0.292   1.232  -1.082   0.339
     433.00        3.90  9400. -0.5     0.612   0.303  -0.306   0.102
     435.00        3.90  9400. -0.5     0.705  -0.025  -0.012   0.004
     437.00        3.90  9400. -0.5     0.323   1.169  -1.060   0.342
     439.00        3.90  9400. -0.5     0.265   1.316  -1.173   0.371
     441.00        3.90  9400. -0.5     0.247   1.353  -1.202   0.381
     443.00        3.90  9400. -0.5     0.242   1.351  -1.184   0.368
     445.00        3.90  9400. -0.5     0.249   1.343  -1.185   0.369
     447.00        3.90  9400. -0.5     0.245   1.364  -1.223   0.388
     449.00        3.90  9400. -0.5     0.251   1.352  -1.237   0.404
     451.00        3.90  9400. -0.5     0.264   1.309  -1.190   0.387
     453.00        3.90  9400. -0.5     0.261   1.307  -1.187   0.387
     455.00        3.90  9400. -0.5     0.265   1.294  -1.175   0.382
     457.00        3.90  9400. -0.5     0.267   1.288  -1.175   0.384
     459.00        3.90  9400. -0.5     0.275   1.259  -1.141   0.370
     461.00        3.90  9400. -0.5     0.280   1.250  -1.136   0.367
     463.00        3.90  9400. -0.5     0.287   1.211  -1.090   0.351
     465.00        3.90  9400. -0.5     0.288   1.218  -1.108   0.359
     467.00        3.90  9400. -0.5     0.290   1.215  -1.114   0.364
     469.00        3.90  9400. -0.5     0.297   1.161  -1.033   0.328
     471.00        3.90  9400. -0.5     0.316   1.086  -0.952   0.299
     473.00        3.90  9400. -0.5     0.321   1.097  -0.963   0.295
     475.00        3.90  9400. -0.5     0.329   1.078  -0.954   0.296
     477.00        3.90  9400. -0.5     0.332   1.060  -0.937   0.290
     479.00        3.90  9400. -0.5     0.342   1.032  -0.916   0.285
     481.00        3.90  9400. -0.5     0.368   0.950  -0.835   0.256
     483.00        3.90  9400. -0.5     0.432   0.777  -0.701   0.220
     485.00        3.90  9400. -0.5     0.701  -0.061   0.012  -0.003
     487.00        3.90  9400. -0.5     0.800  -0.489   0.406  -0.137
     489.00        3.90  9400. -0.5     0.480   0.629  -0.573   0.181
     491.00        3.90  9400. -0.5     0.392   0.864  -0.756   0.230
     493.00        3.90  9400. -0.5     0.381   0.874  -0.750   0.225
     495.00        3.90  9400. -0.5     0.373   0.904  -0.784   0.236
     497.00        3.90  9400. -0.5     0.376   0.894  -0.776   0.233
     499.00        3.90  9400. -0.5     0.371   0.895  -0.773   0.233
     501.00        3.90  9400. -0.5     0.365   0.908  -0.796   0.246
     503.00        3.90  9400. -0.5     0.368   0.906  -0.807   0.255
     505.00        3.90  9400. -0.5     0.368   0.901  -0.810   0.258
     507.00        3.90  9400. -0.5     0.376   0.879  -0.787   0.249
     509.00        3.90  9400. -0.5     0.382   0.857  -0.761   0.238
     511.00        3.90  9400. -0.5     0.388   0.836  -0.738   0.229
     513.00        3.90  9400. -0.5     0.387   0.831  -0.734   0.228
     515.00        3.90  9400. -0.5     0.390   0.812  -0.709   0.217
     517.00        3.90  9400. -0.5     0.396   0.787  -0.690   0.214
     519.00        3.90  9400. -0.5     0.402   0.760  -0.657   0.200
     521.00        3.90  9400. -0.5     0.401   0.769  -0.669   0.204
     523.00        3.90  9400. -0.5     0.413   0.714  -0.602   0.178
     525.00        3.90  9400. -0.5     0.412   0.732  -0.636   0.193
     527.00        3.90  9400. -0.5     0.413   0.697  -0.577   0.165
     529.00        3.90  9400. -0.5     0.411   0.721  -0.627   0.192
     531.00        3.90  9400. -0.5     0.410   0.724  -0.637   0.199
     533.00        3.90  9400. -0.5     0.410   0.712  -0.625   0.196
     535.00        3.90  9400. -0.5     0.425   0.667  -0.563   0.163
     537.00        3.90  9400. -0.5     0.420   0.677  -0.591   0.183
     539.00        3.90  9400. -0.5     0.428   0.652  -0.558   0.166
     541.00        3.90  9400. -0.5     0.433   0.624  -0.525   0.154
     543.00        3.90  9400. -0.5     0.435   0.622  -0.528   0.155
     545.00        3.90  9400. -0.5     0.436   0.615  -0.521   0.153
     547.00        3.90  9400. -0.5     0.438   0.608  -0.520   0.155
     549.00        3.90  9400. -0.5     0.437   0.612  -0.536   0.166
     551.00        3.90  9400. -0.5     0.443   0.590  -0.513   0.157
     553.00        3.90  9400. -0.5     0.449   0.558  -0.463   0.131
     555.00        3.90  9400. -0.5     0.457   0.533  -0.437   0.121
     557.00        3.90  9400. -0.5     0.446   0.566  -0.489   0.148
     559.00        3.90  9400. -0.5     0.446   0.567  -0.497   0.154
     561.00        3.90  9400. -0.5     0.450   0.552  -0.483   0.149
     563.00        3.90  9400. -0.5     0.442   0.578  -0.522   0.169
     565.00        3.90  9400. -0.5     0.462   0.506  -0.428   0.125
     567.00        3.90  9400. -0.5     0.460   0.508  -0.437   0.131
     569.00        3.90  9400. -0.5     0.471   0.468  -0.384   0.106
     571.00        3.90  9400. -0.5     0.479   0.435  -0.339   0.085
     573.00        3.90  9400. -0.5     0.463   0.494  -0.438   0.139
     575.00        3.90  9400. -0.5     0.480   0.427  -0.340   0.090
     577.00        3.90  9400. -0.5     0.477   0.439  -0.368   0.107
     579.00        3.90  9400. -0.5     0.480   0.426  -0.352   0.098
     581.00        3.90  9400. -0.5     0.490   0.388  -0.305   0.078
     583.00        3.90  9400. -0.5     0.488   0.389  -0.307   0.080
     585.00        3.90  9400. -0.5     0.489   0.386  -0.311   0.084
     587.00        3.90  9400. -0.5     0.491   0.376  -0.293   0.071
     589.00        3.90  9400. -0.5     0.493   0.353  -0.277   0.074
     591.00        3.90  9400. -0.5     0.493   0.362  -0.290   0.077
     593.00        3.90  9400. -0.5     0.502   0.327  -0.248   0.060
     595.00        3.90  9400. -0.5     0.490   0.370  -0.313   0.092
     597.00        3.90  9400. -0.5     0.502   0.323  -0.254   0.066
     599.00        3.90  9400. -0.5     0.493   0.343  -0.282   0.080
     601.00        3.90  9400. -0.5     0.505   0.295  -0.212   0.045
     603.00        3.90  9400. -0.5     0.511   0.276  -0.193   0.038
     605.00        3.90  9400. -0.5     0.511   0.277  -0.201   0.044
     607.00        3.90  9400. -0.5     0.517   0.252  -0.170   0.030
     609.00        3.90  9400. -0.5     0.503   0.297  -0.233   0.060
     611.00        3.90  9400. -0.5     0.499   0.308  -0.258   0.075
     613.00        3.90  9400. -0.5     0.520   0.229  -0.146   0.021
     615.00        3.90  9400. -0.5     0.522   0.213  -0.129   0.015
     617.00        3.90  9400. -0.5     0.524   0.208  -0.126   0.014
     619.00        3.90  9400. -0.5     0.502   0.293  -0.258   0.081
     621.00        3.90  9400. -0.5     0.521   0.217  -0.149   0.028
     623.00        3.90  9400. -0.5     0.508   0.260  -0.215   0.061
     625.00        3.90  9400. -0.5     0.520   0.207  -0.141   0.027
     627.00        3.90  9400. -0.5     0.523   0.205  -0.149   0.033
     629.00        3.90  9400. -0.5     0.520   0.211  -0.164   0.043
     631.00        3.90  9400. -0.5     0.524   0.189  -0.134   0.029
     633.00        3.90  9400. -0.5     0.518   0.209  -0.168   0.046
     635.00        3.90  9400. -0.5     0.530   0.167  -0.120   0.025
     637.00        3.90  9400. -0.5     0.536   0.138  -0.075   0.003
     639.00        3.90  9400. -0.5     0.532   0.150  -0.091   0.011
     641.00        3.90  9400. -0.5     0.537   0.128  -0.065   0.000
     643.00        3.90  9400. -0.5     0.555   0.061   0.028  -0.045
     645.00        3.90  9400. -0.5     0.553   0.064   0.015  -0.036
     647.00        3.90  9400. -0.5     0.563   0.033   0.054  -0.054
     649.00        3.90  9400. -0.5     0.554   0.061   0.006  -0.030
     651.00        3.90  9400. -0.5     0.573   0.004   0.055  -0.045
     653.00        3.90  9400. -0.5     0.614  -0.119   0.156  -0.078
     655.00        3.90  9400. -0.5     0.739  -0.579   0.536  -0.198
     657.00        3.90  9400. -0.5     0.839  -1.091   1.025  -0.370
     659.00        3.90  9400. -0.5     0.651  -0.242   0.244  -0.103
     661.00        3.90  9400. -0.5     0.587  -0.054   0.106  -0.063
     663.00        3.90  9400. -0.5     0.584  -0.064   0.151  -0.090
     665.00        3.90  9400. -0.5     0.572  -0.030   0.111  -0.073
     667.00        3.90  9400. -0.5     0.570  -0.029   0.115  -0.075
     669.00        3.90  9400. -0.5     0.574  -0.045   0.134  -0.084
     671.00        3.90  9400. -0.5     0.544   0.064  -0.031  -0.001
     673.00        3.90  9400. -0.5     0.561  -0.007   0.071  -0.049
     675.00        3.90  9400. -0.5     0.566  -0.030   0.103  -0.064
     677.00        3.90  9400. -0.5     0.564  -0.027   0.097  -0.061
     679.00        3.90  9400. -0.5     0.548   0.035  -0.001  -0.011
     681.00        3.90  9400. -0.5     0.554   0.008   0.036  -0.030
     683.00        3.90  9400. -0.5     0.556  -0.006   0.053  -0.035
     685.00        3.90  9400. -0.5     0.565  -0.040   0.100  -0.059
     687.00        3.90  9400. -0.5     0.566  -0.048   0.112  -0.065
     689.00        3.90  9400. -0.5     0.560  -0.030   0.078  -0.045
     691.00        3.90  9400. -0.5     0.569  -0.063   0.125  -0.068
     693.00        3.90  9400. -0.5     0.567  -0.058   0.114  -0.062
     695.00        3.90  9400. -0.5     0.569  -0.072   0.136  -0.073
     697.00        3.90  9400. -0.5     0.570  -0.080   0.142  -0.074
     699.00        3.90  9400. -0.5     0.573  -0.092   0.153  -0.077
     701.00        3.90  9400. -0.5     0.576  -0.111   0.182  -0.093
     703.00        3.90  9400. -0.5     0.562  -0.057   0.095  -0.047
     705.00        3.90  9400. -0.5     0.568  -0.083   0.132  -0.065
     707.00        3.90  9400. -0.5     0.572  -0.100   0.154  -0.075
     709.00        3.90  9400. -0.5     0.569  -0.091   0.137  -0.065
     711.00        3.90  9400. -0.5     0.575  -0.133   0.202  -0.098
     713.00        3.90  9400. -0.5     0.564  -0.085   0.127  -0.060
     715.00        3.90  9400. -0.5     0.581  -0.149   0.214  -0.101
     717.00        3.90  9400. -0.5     0.573  -0.123   0.176  -0.083
     719.00        3.90  9400. -0.5     0.570  -0.118   0.168  -0.079
     721.00        3.90  9400. -0.5     0.582  -0.161   0.227  -0.107
     723.00        3.90  9400. -0.5     0.574  -0.135   0.184  -0.085
     725.00        3.90  9400. -0.5     0.580  -0.161   0.219  -0.100
     727.00        3.90  9400. -0.5     0.586  -0.182   0.248  -0.115
     729.00        3.90  9400. -0.5     0.568  -0.122   0.159  -0.069
     731.00        3.90  9400. -0.5     0.583  -0.178   0.233  -0.104
     733.00        3.90  9400. -0.5     0.589  -0.205   0.272  -0.123
     735.00        3.90  9400. -0.5     0.575  -0.158   0.201  -0.087
     737.00        3.90  9400. -0.5     0.569  -0.138   0.170  -0.071
     739.00        3.90  9400. -0.5     0.569  -0.141   0.175  -0.076
     741.00        3.90  9400. -0.5     0.575  -0.169   0.208  -0.087
     743.00        3.90  9400. -0.5     0.582  -0.198   0.249  -0.108
     745.00        3.90  9400. -0.5     0.574  -0.172   0.208  -0.086
     747.00        3.90  9400. -0.5     0.593  -0.247   0.315  -0.138
     749.00        3.90  9400. -0.5     0.580  -0.196   0.237  -0.099
     751.00        3.90  9400. -0.5     0.583  -0.211   0.258  -0.110
     753.00        3.90  9400. -0.5     0.594  -0.254   0.320  -0.141
     755.00        3.90  9400. -0.5     0.588  -0.234   0.284  -0.120
     757.00        3.90  9400. -0.5     0.596  -0.266   0.330  -0.143
     759.00        3.90  9400. -0.5     0.578  -0.199   0.224  -0.088
     761.00        3.90  9400. -0.5     0.589  -0.246   0.296  -0.125
     763.00        3.90  9400. -0.5     0.587  -0.245   0.290  -0.119
     765.00        3.90  9400. -0.5     0.582  -0.225   0.262  -0.108
     767.00        3.90  9400. -0.5     0.589  -0.256   0.310  -0.133
     769.00        3.90  9400. -0.5     0.580  -0.229   0.263  -0.106
     771.00        3.90  9400. -0.5     0.577  -0.219   0.246  -0.097
     773.00        3.90  9400. -0.5     0.585  -0.247   0.279  -0.110
     775.00        3.90  9400. -0.5     0.602  -0.314   0.381  -0.163
     777.00        3.90  9400. -0.5     0.605  -0.326   0.369  -0.149
     779.00        3.90  9400. -0.5     0.589  -0.270   0.309  -0.126
     781.00        3.90  9400. -0.5     0.579  -0.240   0.262  -0.100
     783.00        3.90  9400. -0.5     0.588  -0.277   0.315  -0.126
     785.00        3.90  9400. -0.5     0.600  -0.326   0.385  -0.160
     787.00        3.90  9400. -0.5     0.587  -0.273   0.303  -0.120
     789.00        3.90  9400. -0.5     0.601  -0.329   0.382  -0.158
     791.00        3.90  9400. -0.5     0.594  -0.310   0.354  -0.143
     793.00        3.90  9400. -0.5     0.593  -0.309   0.352  -0.142
     795.00        3.90  9400. -0.5     0.593  -0.314   0.357  -0.145
     797.00        3.90  9400. -0.5     0.595  -0.320   0.363  -0.147
     799.00        3.90  9400. -0.5     0.612  -0.388   0.452  -0.187
     801.00        3.90  9400. -0.5     0.607  -0.368   0.429  -0.178
     803.00        3.90  9400. -0.5     0.592  -0.319   0.356  -0.140
     805.00        3.90  9400. -0.5     0.600  -0.348   0.398  -0.162
     807.00        3.90  9400. -0.5     0.603  -0.367   0.419  -0.169
     809.00        3.90  9400. -0.5     0.591  -0.320   0.354  -0.139
     811.00        3.90  9400. -0.5     0.594  -0.334   0.369  -0.146
     813.00        3.90  9400. -0.5     0.600  -0.359   0.404  -0.162
     815.00        3.90  9400. -0.5     0.606  -0.389   0.447  -0.183
     817.00        3.90  9400. -0.5     0.596  -0.348   0.385  -0.153
     819.00        3.90  9400. -0.5     0.585  -0.317   0.335  -0.124
     821.00        3.90  9400. -0.5     0.610  -0.413   0.489  -0.204
     823.00        3.90  9400. -0.5     0.604  -0.393   0.456  -0.188
     825.00        3.90  9400. -0.5     0.608  -0.402   0.462  -0.188
     827.00        3.90  9400. -0.5     0.616  -0.420   0.483  -0.198
     829.00        3.90  9400. -0.5     0.637  -0.472   0.543  -0.224
     831.00        3.90  9400. -0.5     0.622  -0.413   0.462  -0.185
     833.00        3.90  9400. -0.5     0.568  -0.297   0.360  -0.153
     835.00        3.90  9400. -0.5     0.508  -0.205   0.304  -0.141
     837.00        3.90  9400. -0.5     0.543  -0.332   0.472  -0.213
     839.00        3.90  9400. -0.5     0.547  -0.446   0.633  -0.278
     841.00        3.90  9400. -0.5     0.566  -0.521   0.694  -0.290
     843.00        3.90  9400. -0.5     0.612  -0.653   0.785  -0.308
     845.00        3.90  9400. -0.5     0.658  -0.718   0.816  -0.316
     847.00        3.90  9400. -0.5     0.595  -0.704   0.899  -0.364
     849.00        3.90  9400. -0.5     0.768  -0.916   0.923  -0.336
     851.00        3.90  9400. -0.5     0.660  -0.855   0.993  -0.380
     853.00        3.90  9400. -0.5     0.798  -0.856   0.779  -0.270
     855.00        3.90  9400. -0.5     0.681  -0.982   1.099  -0.409
     857.00        3.90  9400. -0.5     0.794  -0.722   0.609  -0.208
     859.00        3.90  9400. -0.5     0.759  -0.928   0.900  -0.318
     861.00        3.90  9400. -0.5     0.752  -0.962   0.959  -0.342
     863.00        3.90  9400. -0.5     0.746  -0.476   0.313  -0.090
     865.00        3.90  9400. -0.5     0.799  -0.795   0.684  -0.234
     867.00        3.90  9400. -0.5     0.725  -1.076   1.075  -0.380
     869.00        3.90  9400. -0.5     0.761  -0.590   0.461  -0.152
     871.00        3.90  9400. -0.5     0.683  -0.262   0.118  -0.031
     873.00        3.90  9400. -0.5     0.764  -0.582   0.436  -0.142
     875.00        3.90  9400. -0.5     0.731  -1.092   1.059  -0.375
     877.00        3.90  9400. -0.5     0.788  -0.763   0.630  -0.209
     879.00        3.90  9400. -0.5     0.671  -0.245   0.118  -0.036
     881.00        3.90  9400. -0.5     0.638  -0.152   0.050  -0.018
     883.00        3.90  9400. -0.5     0.676  -0.269   0.136  -0.040
     885.00        3.90  9400. -0.5     0.789  -0.824   0.689  -0.231
     887.00        3.90  9400. -0.5     0.747  -1.096   1.034  -0.366
     889.00        3.90  9400. -0.5     0.741  -0.509   0.359  -0.114
     891.00        3.90  9400. -0.5     0.639  -0.173   0.074  -0.028
     893.00        3.90  9400. -0.5     0.609  -0.093   0.013  -0.009
     895.00        3.90  9400. -0.5     0.616  -0.117   0.048  -0.026
     897.00        3.90  9400. -0.5     0.634  -0.163   0.066  -0.025
     899.00        3.90  9400. -0.5     0.725  -0.461   0.319  -0.105
     901.00        3.90  9400. -0.5     0.766  -1.068   0.978  -0.344
     903.00        3.90  9400. -0.5     0.793  -0.947   0.834  -0.291
     905.00        3.90  9400. -0.5     0.684  -0.325   0.194  -0.062
     907.00        3.90  9400. -0.5     0.609  -0.118   0.027  -0.009
     909.00        3.90  9400. -0.5     0.603  -0.132   0.079  -0.037
     911.00        3.90  9400. -0.5     0.597  -0.099   0.046  -0.026
     913.00        3.90  9400. -0.5     0.591  -0.072   0.010  -0.011
     915.00        3.90  9400. -0.5     0.605  -0.118   0.062  -0.033
     917.00        3.90  9400. -0.5     0.605  -0.108   0.023  -0.009
     919.00        3.90  9400. -0.5     0.659  -0.279   0.187  -0.070
     921.00        3.90  9400. -0.5     0.750  -0.615   0.453  -0.143
     923.00        3.90  9400. -0.5     0.738  -1.175   1.114  -0.400
     925.00        3.90  9400. -0.5     0.778  -0.770   0.639  -0.220
     927.00        3.90  9400. -0.5     0.665  -0.329   0.234  -0.085
     929.00        3.90  9400. -0.5     0.616  -0.166   0.093  -0.039
     931.00        3.90  9400. -0.5     0.608  -0.157   0.114  -0.056
     933.00        3.90  9400. -0.5     0.596  -0.123   0.077  -0.040
     935.00        3.90  9400. -0.5     0.602  -0.152   0.124  -0.063
     937.00        3.90  9400. -0.5     0.597  -0.133   0.094  -0.048
     939.00        3.90  9400. -0.5     0.594  -0.133   0.097  -0.049
     941.00        3.90  9400. -0.5     0.600  -0.170   0.147  -0.072
     943.00        3.90  9400. -0.5     0.593  -0.125   0.074  -0.036
     945.00        3.90  9400. -0.5     0.601  -0.157   0.117  -0.056
     947.00        3.90  9400. -0.5     0.612  -0.192   0.150  -0.068
     949.00        3.90  9400. -0.5     0.620  -0.206   0.138  -0.057
     951.00        3.90  9400. -0.5     0.661  -0.324   0.209  -0.069
     953.00        3.90  9400. -0.5     0.761  -0.751   0.600  -0.199
     955.00        3.90  9400. -0.5     0.725  -1.165   1.100  -0.394
     957.00        3.90  9400. -0.5     0.750  -0.679   0.533  -0.177
     959.00        3.90  9400. -0.5     0.652  -0.306   0.196  -0.064
     961.00        3.90  9400. -0.5     0.619  -0.233   0.180  -0.075
     963.00        3.90  9400. -0.5     0.606  -0.205   0.165  -0.072
     965.00        3.90  9400. -0.5     0.603  -0.190   0.152  -0.067
     967.00        3.90  9400. -0.5     0.589  -0.152   0.099  -0.041
     969.00        3.90  9400. -0.5     0.599  -0.189   0.162  -0.075
     971.00        3.90  9400. -0.5     0.594  -0.169   0.130  -0.058
     973.00        3.90  9400. -0.5     0.580  -0.118   0.053  -0.019
     975.00        3.90  9400. -0.5     0.585  -0.143   0.089  -0.037
     977.00        3.90  9400. -0.5     0.569  -0.086   0.010   0.001
     979.00        3.90  9400. -0.5     0.582  -0.135   0.076  -0.029
     981.00        3.90  9400. -0.5     0.568  -0.082  -0.009   0.015
     983.00        3.90  9400. -0.5     0.583  -0.144   0.085  -0.032
     985.00        3.90  9400. -0.5     0.582  -0.142   0.079  -0.029
     987.00        3.90  9400. -0.5     0.589  -0.169   0.118  -0.048
     989.00        3.90  9400. -0.5     0.598  -0.216   0.190  -0.085
     991.00        3.90  9400. -0.5     0.592  -0.184   0.135  -0.056
     993.00        3.90  9400. -0.5     0.599  -0.215   0.179  -0.077
     995.00        3.90  9400. -0.5     0.601  -0.220   0.177  -0.074
     997.00        3.90  9400. -0.5     0.608  -0.241   0.193  -0.079
     999.00        3.90  9400. -0.5     0.627  -0.298   0.242  -0.096
    1002.50        3.90  9400. -0.5     0.703  -0.647   0.545  -0.192
    1007.50        3.90  9400. -0.5     0.704  -0.709   0.606  -0.213
    1012.50        3.90  9400. -0.5     0.617  -0.297   0.251  -0.100
    1017.50        3.90  9400. -0.5     0.604  -0.264   0.236  -0.099
    1022.50        3.90  9400. -0.5     0.590  -0.216   0.163  -0.061
    1027.50        3.90  9400. -0.5     0.585  -0.206   0.151  -0.057
    1032.50        3.90  9400. -0.5     0.579  -0.193   0.128  -0.043
    1037.50        3.90  9400. -0.5     0.581  -0.209   0.150  -0.053
    1042.50        3.90  9400. -0.5     0.583  -0.221   0.167  -0.061
    1047.50        3.90  9400. -0.5     0.581  -0.231   0.182  -0.067
    1052.50        3.90  9400. -0.5     0.586  -0.252   0.209  -0.080
    1057.50        3.90  9400. -0.5     0.590  -0.265   0.223  -0.086
    1062.50        3.90  9400. -0.5     0.580  -0.234   0.175  -0.061
    1067.50        3.90  9400. -0.5     0.583  -0.262   0.208  -0.075
    1072.50        3.90  9400. -0.5     0.592  -0.291   0.242  -0.089
    1077.50        3.90  9400. -0.5     0.600  -0.326   0.301  -0.120
    1082.50        3.90  9400. -0.5     0.607  -0.349   0.318  -0.126
    1087.50        3.90  9400. -0.5     0.629  -0.415   0.358  -0.134
    1092.50        3.90  9400. -0.5     0.696  -0.890   0.806  -0.287
    1097.50        3.90  9400. -0.5     0.687  -0.669   0.581  -0.208
    1102.50        3.90  9400. -0.5     0.615  -0.387   0.341  -0.131
    1107.50        3.90  9400. -0.5     0.606  -0.371   0.344  -0.136
    1112.50        3.90  9400. -0.5     0.593  -0.330   0.286  -0.106
    1117.50        3.90  9400. -0.5     0.582  -0.298   0.239  -0.083
    1122.50        3.90  9400. -0.5     0.589  -0.328   0.281  -0.103
    1127.50        3.90  9400. -0.5     0.593  -0.367   0.338  -0.129
    1132.50        3.90  9400. -0.5     0.587  -0.350   0.310  -0.114
    1137.50        3.90  9400. -0.5     0.584  -0.333   0.288  -0.105
    1142.50        3.90  9400. -0.5     0.591  -0.368   0.341  -0.131
    1147.50        3.90  9400. -0.5     0.592  -0.366   0.331  -0.125
    1152.50        3.90  9400. -0.5     0.576  -0.320   0.264  -0.091
    1157.50        3.90  9400. -0.5     0.588  -0.366   0.331  -0.124
    1162.50        3.90  9400. -0.5     0.593  -0.398   0.377  -0.146
    1167.50        3.90  9400. -0.5     0.590  -0.399   0.373  -0.141
    1172.50        3.90  9400. -0.5     0.586  -0.373   0.333  -0.122
    1177.50        3.90  9400. -0.5     0.590  -0.407   0.375  -0.140
    1182.50        3.90  9400. -0.5     0.593  -0.419   0.399  -0.153
    1187.50        3.90  9400. -0.5     0.591  -0.423   0.402  -0.154
    1192.50        3.90  9400. -0.5     0.585  -0.390   0.352  -0.130
    1197.50        3.90  9400. -0.5     0.585  -0.403   0.369  -0.136
    1202.50        3.90  9400. -0.5     0.593  -0.426   0.401  -0.152
    1207.50        3.90  9400. -0.5     0.582  -0.402   0.365  -0.133
    1212.50        3.90  9400. -0.5     0.584  -0.408   0.371  -0.136
    1217.50        3.90  9400. -0.5     0.591  -0.437   0.411  -0.155
    1222.50        3.90  9400. -0.5     0.575  -0.384   0.332  -0.115
    1227.50        3.90  9400. -0.5     0.580  -0.406   0.360  -0.127
    1232.50        3.90  9400. -0.5     0.589  -0.446   0.421  -0.159
    1237.50        3.90  9400. -0.5     0.589  -0.448   0.421  -0.158
    1242.50        3.90  9400. -0.5     0.585  -0.437   0.404  -0.149
    1247.50        3.90  9400. -0.5     0.582  -0.432   0.393  -0.142
    1252.50        3.90  9400. -0.5     0.580  -0.425   0.381  -0.136
    1257.50        3.90  9400. -0.5     0.580  -0.437   0.393  -0.139
    1262.50        3.90  9400. -0.5     0.595  -0.492   0.474  -0.181
    1267.50        3.90  9400. -0.5     0.598  -0.501   0.479  -0.183
    1272.50        3.90  9400. -0.5     0.608  -0.532   0.503  -0.191
    1277.50        3.90  9400. -0.5     0.645  -0.673   0.608  -0.221
    1282.50        3.90  9400. -0.5     0.656  -1.010   0.949  -0.341
    1287.50        3.90  9400. -0.5     0.633  -0.632   0.575  -0.211
    1292.50        3.90  9400. -0.5     0.603  -0.534   0.510  -0.194
    1297.50        3.90  9400. -0.5     0.598  -0.527   0.512  -0.197
    1302.50        3.90  9400. -0.5     0.585  -0.482   0.446  -0.162
    1307.50        3.90  9400. -0.5     0.575  -0.451   0.401  -0.140
    1312.50        3.90  9400. -0.5     0.579  -0.473   0.435  -0.156
    1317.50        3.90  9400. -0.5     0.578  -0.478   0.443  -0.160
    1322.50        3.90  9400. -0.5     0.583  -0.496   0.471  -0.175
    1327.50        3.90  9400. -0.5     0.580  -0.489   0.458  -0.168
    1332.50        3.90  9400. -0.5     0.575  -0.478   0.440  -0.158
    1337.50        3.90  9400. -0.5     0.580  -0.501   0.476  -0.177
    1342.50        3.90  9400. -0.5     0.570  -0.471   0.430  -0.152
    1347.50        3.90  9400. -0.5     0.580  -0.510   0.486  -0.180
    1352.50        3.90  9400. -0.5     0.583  -0.528   0.513  -0.194
    1357.50        3.90  9400. -0.5     0.578  -0.513   0.489  -0.181
    1362.50        3.90  9400. -0.5     0.569  -0.483   0.442  -0.156
    1367.50        3.90  9400. -0.5     0.576  -0.513   0.485  -0.178
    1372.50        3.90  9400. -0.5     0.566  -0.491   0.453  -0.160
    1377.50        3.90  9400. -0.5     0.563  -0.479   0.435  -0.152
    1382.50        3.90  9400. -0.5     0.572  -0.513   0.484  -0.177
    1387.50        3.90  9400. -0.5     0.577  -0.529   0.505  -0.187
    1392.50        3.90  9400. -0.5     0.577  -0.537   0.516  -0.191
    1397.50        3.90  9400. -0.5     0.560  -0.481   0.433  -0.149
    1402.50        3.90  9400. -0.5     0.578  -0.546   0.527  -0.196
    1407.50        3.90  9400. -0.5     0.566  -0.511   0.478  -0.172
    1412.50        3.90  9400. -0.5     0.568  -0.520   0.489  -0.176
    1417.50        3.90  9400. -0.5     0.568  -0.525   0.495  -0.179
    1422.50        3.90  9400. -0.5     0.567  -0.526   0.495  -0.179
    1427.50        3.90  9400. -0.5     0.561  -0.508   0.470  -0.167
    1432.50        3.90  9400. -0.5     0.565  -0.523   0.488  -0.174
    1437.50        3.90  9400. -0.5     0.565  -0.525   0.489  -0.174
    1442.50        3.90  9400. -0.5     0.575  -0.583   0.573  -0.214
    1447.50        3.90  9400. -0.5     0.560  -0.516   0.475  -0.166
    1452.50        3.90  9400. -0.5     0.578  -0.590   0.582  -0.219
    1457.00        3.90  9400. -0.5     0.567  -0.545   0.515  -0.185
    1462.00        3.90  9400. -0.5     0.581  -0.601   0.601  -0.230
    1467.50        3.90  9400. -0.5     0.578  -0.592   0.588  -0.223
    1472.50        3.90  9400. -0.5     0.580  -0.600   0.599  -0.229
    1477.50        3.90  9400. -0.5     0.581  -0.605   0.600  -0.227
    1482.50        3.90  9400. -0.5     0.590  -0.628   0.627  -0.239
    1487.50        3.90  9400. -0.5     0.591  -0.633   0.630  -0.239
    1492.50        3.90  9400. -0.5     0.579  -0.588   0.577  -0.218
    1497.50        3.90  9400. -0.5     0.542  -0.508   0.506  -0.195
    1502.50        3.90  9400. -0.5     0.549  -0.535   0.539  -0.208
    1507.50        3.90  9400. -0.5     0.525  -0.506   0.527  -0.207
    1512.50        3.90  9400. -0.5     0.530  -0.548   0.588  -0.233
    1517.50        3.90  9400. -0.5     0.543  -0.609   0.656  -0.257
    1522.50        3.90  9400. -0.5     0.561  -0.678   0.717  -0.276
    1527.50        3.90  9400. -0.5     0.534  -0.591   0.632  -0.247
    1532.50        3.90  9400. -0.5     0.564  -0.691   0.730  -0.280
    1537.50        3.90  9400. -0.5     0.586  -0.727   0.743  -0.279
    1542.50        3.90  9400. -0.5     0.558  -0.713   0.768  -0.297
    1547.50        3.90  9400. -0.5     0.606  -0.780   0.791  -0.296
    1552.50        3.90  9400. -0.5     0.628  -0.827   0.816  -0.299
    1557.50        3.90  9400. -0.5     0.550  -0.749   0.817  -0.314
    1562.50        3.90  9400. -0.5     0.650  -0.761   0.693  -0.246
    1567.50        3.90  9400. -0.5     0.615  -0.844   0.846  -0.311
    1572.50        3.90  9400. -0.5     0.587  -0.846   0.890  -0.334
    1577.50        3.90  9400. -0.5     0.635  -0.705   0.637  -0.228
    1582.50        3.90  9400. -0.5     0.646  -0.754   0.685  -0.245
    1587.50        3.90  9400. -0.5     0.566  -0.882   0.924  -0.341
    1592.50        3.90  9400. -0.5     0.642  -0.839   0.798  -0.286
    1597.50        3.90  9400. -0.5     0.614  -0.629   0.569  -0.206
    1605.00        3.90  9400. -0.5     0.628  -0.741   0.687  -0.248
    1615.00        3.90  9400. -0.5     0.608  -0.822   0.794  -0.287
    1625.00        3.90  9400. -0.5     0.601  -0.603   0.549  -0.201
    1635.00        3.90  9400. -0.5     0.625  -0.755   0.694  -0.249
    1645.00        3.90  9400. -0.5     0.603  -0.809   0.761  -0.272
    1655.00        3.90  9400. -0.5     0.595  -0.607   0.564  -0.209
    1665.00        3.90  9400. -0.5     0.590  -0.599   0.561  -0.209
    1675.00        3.90  9400. -0.5     0.616  -0.752   0.688  -0.247
    1685.00        3.90  9400. -0.5     0.601  -0.822   0.770  -0.276
    1695.00        3.90  9400. -0.5     0.590  -0.618   0.584  -0.218
    1705.00        3.90  9400. -0.5     0.577  -0.587   0.555  -0.207
    1715.00        3.90  9400. -0.5     0.582  -0.609   0.583  -0.219
    1725.00        3.90  9400. -0.5     0.586  -0.633   0.594  -0.220
    1735.00        3.90  9400. -0.5     0.597  -0.901   0.853  -0.307
    1745.00        3.90  9400. -0.5     0.596  -0.689   0.638  -0.233
    1755.00        3.90  9400. -0.5     0.571  -0.603   0.575  -0.215
    1765.00        3.90  9400. -0.5     0.558  -0.564   0.520  -0.186
    1775.00        3.90  9400. -0.5     0.553  -0.547   0.496  -0.174
    1785.00        3.90  9400. -0.5     0.550  -0.542   0.484  -0.166
    1795.00        3.90  9400. -0.5     0.571  -0.625   0.606  -0.228
    1805.00        3.90  9400. -0.5     0.575  -0.645   0.612  -0.227
    1815.00        3.90  9400. -0.5     0.579  -0.856   0.803  -0.289
    1825.00        3.90  9400. -0.5     0.595  -0.749   0.698  -0.254
    1835.00        3.90  9400. -0.5     0.567  -0.634   0.612  -0.229
    1845.00        3.90  9400. -0.5     0.562  -0.626   0.609  -0.229
    1855.00        3.90  9400. -0.5     0.566  -0.645   0.629  -0.236
    1865.00        3.90  9400. -0.5     0.572  -0.671   0.638  -0.236
    1875.00        3.90  9400. -0.5     0.578  -0.892   0.843  -0.304
    1885.00        3.90  9400. -0.5     0.571  -0.687   0.654  -0.241
    1895.00        3.90  9400. -0.5     0.557  -0.640   0.624  -0.234
    1905.00        3.90  9400. -0.5     0.550  -0.614   0.585  -0.214
    1915.00        3.90  9400. -0.5     0.547  -0.609   0.579  -0.210
    1925.00        3.90  9400. -0.5     0.560  -0.660   0.649  -0.245
    1935.00        3.90  9400. -0.5     0.572  -0.709   0.680  -0.253
    1945.00        3.90  9400. -0.5     0.571  -0.923   0.878  -0.317
    1955.00        3.90  9400. -0.5     0.564  -0.689   0.653  -0.240
    1965.00        3.90  9400. -0.5     0.550  -0.648   0.634  -0.238
    1975.00        3.90  9400. -0.5     0.529  -0.573   0.523  -0.181
    1985.00        3.90  9400. -0.5     0.534  -0.600   0.566  -0.202
    1995.00        3.90  9400. -0.5     0.538  -0.619   0.592  -0.214
    2005.00        3.90  9400. -0.5     0.524  -0.579   0.537  -0.187
    2015.00        3.90  9400. -0.5     0.534  -0.617   0.592  -0.214
    2025.00        3.90  9400. -0.5     0.536  -0.633   0.618  -0.228
    2035.00        3.90  9400. -0.5     0.528  -0.607   0.579  -0.208
    2045.00        3.90  9400. -0.5     0.535  -0.634   0.615  -0.225
    2055.00        3.90  9400. -0.5     0.526  -0.606   0.571  -0.202
    2065.00        3.90  9400. -0.5     0.532  -0.634   0.614  -0.223
    2075.00        3.90  9400. -0.5     0.524  -0.608   0.577  -0.206
    2085.00        3.90  9400. -0.5     0.527  -0.621   0.595  -0.214
    2095.00        3.90  9400. -0.5     0.529  -0.635   0.616  -0.225
    2105.00        3.90  9400. -0.5     0.533  -0.656   0.645  -0.238
    2115.00        3.90  9400. -0.5     0.523  -0.627   0.604  -0.218
    2125.00        3.90  9400. -0.5     0.517  -0.605   0.562  -0.195
    2135.00        3.90  9400. -0.5     0.520  -0.618   0.584  -0.207
    2145.00        3.90  9400. -0.5     0.539  -0.687   0.679  -0.254
    2155.00        3.90  9400. -0.5     0.543  -0.708   0.683  -0.253
    2165.00        3.90  9400. -0.5     0.539  -0.906   0.874  -0.320
    2175.00        3.90  9400. -0.5     0.553  -0.759   0.734  -0.272
    2185.00        3.90  9400. -0.5     0.535  -0.691   0.684  -0.256
    2195.00        3.90  9400. -0.5     0.519  -0.639   0.614  -0.221
    2205.00        3.90  9400. -0.5     0.521  -0.652   0.633  -0.230
    2215.00        3.90  9400. -0.5     0.516  -0.640   0.612  -0.218
    2225.00        3.90  9400. -0.5     0.518  -0.650   0.635  -0.232
    2235.00        3.90  9400. -0.5     0.512  -0.628   0.598  -0.212
    2245.00        3.90  9400. -0.5     0.521  -0.665   0.652  -0.238
    2255.00        3.90  9400. -0.5     0.507  -0.625   0.598  -0.213
    2265.00        3.90  9400. -0.5     0.507  -0.625   0.592  -0.208
    2275.00        3.90  9400. -0.5     0.502  -0.616   0.580  -0.201
    2285.00        3.90  9400. -0.5     0.524  -0.698   0.705  -0.266
    2295.00        3.90  9400. -0.5     0.527  -0.705   0.713  -0.269
    2305.00        3.90  9400. -0.5     0.525  -0.704   0.712  -0.269
    2315.00        3.90  9400. -0.5     0.525  -0.706   0.714  -0.269
    2325.00        3.90  9400. -0.5     0.530  -0.718   0.724  -0.272
    2335.00        3.90  9400. -0.5     0.523  -0.696   0.695  -0.259
    2345.00        3.90  9400. -0.5     0.529  -0.715   0.718  -0.269
    2355.00        3.90  9400. -0.5     0.524  -0.702   0.704  -0.264
    2365.00        3.90  9400. -0.5     0.517  -0.688   0.690  -0.259
    2375.00        3.90  9400. -0.5     0.500  -0.650   0.652  -0.244
    2385.00        3.90  9400. -0.5     0.504  -0.675   0.689  -0.261
    2395.00        3.90  9400. -0.5     0.511  -0.708   0.729  -0.277
    2405.00        3.90  9400. -0.5     0.502  -0.678   0.688  -0.258
    2415.00        3.90  9400. -0.5     0.499  -0.684   0.701  -0.265
    2425.00        3.90  9400. -0.5     0.509  -0.739   0.766  -0.290
    2435.00        3.90  9400. -0.5     0.515  -0.736   0.757  -0.287
    2445.00        3.90  9400. -0.5     0.509  -0.736   0.761  -0.289
    2455.00        3.90  9400. -0.5     0.511  -0.734   0.745  -0.278
    2465.00        3.90  9400. -0.5     0.508  -0.738   0.752  -0.280
    2475.00        3.90  9400. -0.5     0.505  -0.727   0.742  -0.278
    2485.00        3.90  9400. -0.5     0.537  -0.782   0.775  -0.286
    2495.00        3.90  9400. -0.5     0.477  -0.710   0.752  -0.286
    2505.00        3.90  9400. -0.5     0.517  -0.681   0.669  -0.248
    2515.00        3.90  9400. -0.5     0.530  -0.752   0.743  -0.275
    2525.00        3.90  9400. -0.5     0.480  -0.746   0.785  -0.295
    2535.00        3.90  9400. -0.5     0.531  -0.782   0.780  -0.289
    2545.00        3.90  9400. -0.5     0.523  -0.712   0.690  -0.254
    2555.00        3.90  9400. -0.5     0.530  -0.778   0.764  -0.280
    2565.00        3.90  9400. -0.5     0.485  -0.797   0.837  -0.313
    2575.00        3.90  9400. -0.5     0.524  -0.746   0.726  -0.265
    2585.00        3.90  9400. -0.5     0.518  -0.709   0.696  -0.258
    2595.00        3.90  9400. -0.5     0.523  -0.729   0.717  -0.267
    2605.00        3.90  9400. -0.5     0.526  -0.804   0.789  -0.288
    2615.00        3.90  9400. -0.5     0.491  -0.822   0.833  -0.307
    2625.00        3.90  9400. -0.5     0.501  -0.894   0.870  -0.318
    2635.00        3.90  9400. -0.5     0.525  -0.774   0.741  -0.270
    2645.00        3.90  9400. -0.5     0.509  -0.698   0.684  -0.254
    2655.00        3.90  9400. -0.5     0.517  -0.725   0.717  -0.267
    2665.00        3.90  9400. -0.5     0.526  -0.779   0.760  -0.278
    2675.00        3.90  9400. -0.5     0.487  -0.851   0.866  -0.318
    2685.00        3.90  9400. -0.5     0.529  -0.792   0.773  -0.283
    2695.00        3.90  9400. -0.5     0.511  -0.716   0.710  -0.266
    2705.00        3.90  9400. -0.5     0.505  -0.695   0.687  -0.254
    2715.00        3.90  9400. -0.5     0.502  -0.688   0.681  -0.253
    2725.00        3.90  9400. -0.5     0.507  -0.713   0.717  -0.270
    2735.00        3.90  9400. -0.5     0.501  -0.689   0.676  -0.249
    2745.00        3.90  9400. -0.5     0.512  -0.731   0.706  -0.258
    2755.00        3.90  9400. -0.5     0.478  -0.792   0.767  -0.275
    2765.00        3.90  9400. -0.5     0.516  -0.825   0.803  -0.292
    2775.00        3.90  9400. -0.5     0.510  -0.728   0.719  -0.267
    2785.00        3.90  9400. -0.5     0.501  -0.705   0.703  -0.263
    2795.00        3.90  9400. -0.5     0.484  -0.637   0.598  -0.207
    2805.00        3.90  9400. -0.5     0.486  -0.651   0.617  -0.216
    2815.00        3.90  9400. -0.5     0.486  -0.657   0.633  -0.226
    2825.00        3.90  9400. -0.5     0.484  -0.649   0.619  -0.219
    2835.00        3.90  9400. -0.5     0.482  -0.644   0.609  -0.213
    2845.00        3.90  9400. -0.5     0.501  -0.719   0.720  -0.269
    2855.00        3.90  9400. -0.5     0.503  -0.724   0.713  -0.264
    2865.00        3.90  9400. -0.5     0.515  -0.815   0.792  -0.289
    2875.00        3.90  9400. -0.5     0.473  -0.830   0.811  -0.294
    2885.00        3.90  9400. -0.5     0.507  -0.755   0.735  -0.269
    2895.00        3.90  9400. -0.5     0.486  -0.680   0.666  -0.245
    2905.00        3.90  9400. -0.5     0.488  -0.685   0.671  -0.245
    2915.00        3.90  9400. -0.5     0.484  -0.671   0.649  -0.232
    2925.00        3.90  9400. -0.5     0.498  -0.725   0.725  -0.267
    2935.00        3.90  9400. -0.5     0.483  -0.667   0.636  -0.222
    2945.00        3.90  9400. -0.5     0.478  -0.658   0.628  -0.220
    2955.00        3.90  9400. -0.5     0.487  -0.692   0.683  -0.249
    2965.00        3.90  9400. -0.5     0.484  -0.684   0.665  -0.239
    2975.00        3.90  9400. -0.5     0.476  -0.655   0.625  -0.220
    2985.00        3.90  9400. -0.5     0.490  -0.697   0.677  -0.242
    2995.00        3.90  9400. -0.5     0.475  -0.651   0.615  -0.214
    3005.00        3.90  9400. -0.5     0.483  -0.681   0.657  -0.234
    3015.00        3.90  9400. -0.5     0.481  -0.683   0.667  -0.244
    3025.00        3.90  9400. -0.5     0.501  -0.762   0.756  -0.282
    3035.00        3.90  9400. -0.5     0.481  -0.835   0.817  -0.299
    3045.00        3.90  9400. -0.5     0.503  -0.863   0.844  -0.308
    3055.00        3.90  9400. -0.5     0.493  -0.731   0.712  -0.260
    3065.00        3.90  9400. -0.5     0.490  -0.724   0.723  -0.269
    3075.00        3.90  9400. -0.5     0.471  -0.653   0.616  -0.213
    3085.00        3.90  9400. -0.5     0.476  -0.671   0.641  -0.226
    3095.00        3.90  9400. -0.5     0.474  -0.676   0.657  -0.236
    3105.00        3.90  9400. -0.5     0.479  -0.697   0.689  -0.251
    3115.00        3.90  9400. -0.5     0.474  -0.682   0.668  -0.242
    3125.00        3.90  9400. -0.5     0.480  -0.705   0.700  -0.257
    3135.00        3.90  9400. -0.5     0.476  -0.691   0.673  -0.240
    3145.00        3.90  9400. -0.5     0.485  -0.722   0.722  -0.267
    3155.00        3.90  9400. -0.5     0.474  -0.680   0.654  -0.231
    3165.00        3.90  9400. -0.5     0.477  -0.699   0.684  -0.245
    3175.00        3.90  9400. -0.5     0.479  -0.707   0.700  -0.256
    3185.00        3.90  9400. -0.5     0.484  -0.723   0.720  -0.264
    3195.00        3.90  9400. -0.5     0.487  -0.747   0.761  -0.286
    3210.00        3.90  9400. -0.5     0.477  -0.705   0.696  -0.254
    3230.00        3.90  9400. -0.5     0.482  -0.719   0.705  -0.253
    3250.00        3.90  9400. -0.5     0.478  -0.709   0.690  -0.246
    3270.00        3.90  9400. -0.5     0.489  -0.752   0.746  -0.275
    3290.00        3.90  9400. -0.5     0.475  -0.824   0.810  -0.298
    3310.00        3.90  9400. -0.5     0.496  -0.806   0.789  -0.288
    3330.00        3.90  9400. -0.5     0.488  -0.772   0.785  -0.295
    3350.00        3.90  9400. -0.5     0.481  -0.741   0.736  -0.269
    3370.00        3.90  9400. -0.5     0.487  -0.772   0.783  -0.291
    3390.00        3.90  9400. -0.5     0.478  -0.738   0.737  -0.271
    3410.00        3.90  9400. -0.5     0.474  -0.733   0.734  -0.271
    3430.00        3.90  9400. -0.5     0.476  -0.731   0.724  -0.265
    3450.00        3.90  9400. -0.5     0.478  -0.745   0.748  -0.276
    3470.00        3.90  9400. -0.5     0.479  -0.756   0.769  -0.288
    3490.00        3.90  9400. -0.5     0.462  -0.699   0.686  -0.248
    3510.00        3.90  9400. -0.5     0.472  -0.740   0.744  -0.276
    3530.00        3.90  9400. -0.5     0.472  -0.747   0.752  -0.278
    3550.00        3.90  9400. -0.5     0.473  -0.742   0.742  -0.272
    3570.00        3.90  9400. -0.5     0.474  -0.759   0.771  -0.287
    3590.00        3.90  9400. -0.5     0.477  -0.777   0.788  -0.294
    3610.00        3.90  9400. -0.5     0.467  -0.748   0.761  -0.285
    3630.00        3.90  9400. -0.5     0.467  -0.742   0.737  -0.269
    3650.00        3.90  9400. -0.5     0.459  -0.733   0.740  -0.274
    3670.00        3.90  9400. -0.5     0.482  -0.778   0.772  -0.283
    3690.00        3.90  9400. -0.5     0.453  -0.726   0.734  -0.272
    3710.00        3.90  9400. -0.5     0.481  -0.785   0.781  -0.287
    3730.00        3.90  9400. -0.5     0.468  -0.792   0.765  -0.277
    3750.00        3.90  9400. -0.5     0.460  -0.797   0.780  -0.284
    3770.00        3.90  9400. -0.5     0.464  -0.731   0.714  -0.260
    3790.00        3.90  9400. -0.5     0.471  -0.744   0.729  -0.265
    3810.00        3.90  9400. -0.5     0.459  -0.759   0.763  -0.283
    3830.00        3.90  9400. -0.5     0.460  -0.765   0.768  -0.283
    3850.00        3.90  9400. -0.5     0.470  -0.749   0.746  -0.276
    3870.00        3.90  9400. -0.5     0.468  -0.748   0.750  -0.279
    3890.00        3.90  9400. -0.5     0.466  -0.750   0.731  -0.264
    3910.00        3.90  9400. -0.5     0.450  -0.774   0.779  -0.284
    3930.00        3.90  9400. -0.5     0.469  -0.761   0.760  -0.282
    3950.00        3.90  9400. -0.5     0.460  -0.720   0.701  -0.251
    3970.00        3.90  9400. -0.5     0.441  -0.658   0.617  -0.211
    3990.00        3.90  9400. -0.5     0.435  -0.637   0.583  -0.193
    4010.00        3.90  9400. -0.5     0.455  -0.770   0.758  -0.274
    4030.00        3.90  9400. -0.5     0.462  -0.800   0.793  -0.289
    4050.00        3.90  9400. -0.5     0.449  -0.789   0.755  -0.271
    4070.00        3.90  9400. -0.5     0.468  -0.770   0.760  -0.278
    4090.00        3.90  9400. -0.5     0.452  -0.704   0.673  -0.235
    4110.00        3.90  9400. -0.5     0.439  -0.655   0.603  -0.202
    4130.00        3.90  9400. -0.5     0.460  -0.742   0.735  -0.269
    4150.00        3.90  9400. -0.5     0.465  -0.766   0.752  -0.274
    4170.00        3.90  9400. -0.5     0.437  -0.776   0.765  -0.277
    4190.00        3.90  9400. -0.5     0.462  -0.762   0.745  -0.271
    4210.00        3.90  9400. -0.5     0.451  -0.714   0.688  -0.243
    4230.00        3.90  9400. -0.5     0.451  -0.714   0.690  -0.244
    4250.00        3.90  9400. -0.5     0.447  -0.705   0.678  -0.238
    4270.00        3.90  9400. -0.5     0.457  -0.742   0.732  -0.265
    4290.00        3.90  9400. -0.5     0.453  -0.731   0.716  -0.258
    4310.00        3.90  9400. -0.5     0.447  -0.707   0.677  -0.237
    4330.00        3.90  9400. -0.5     0.445  -0.702   0.669  -0.233
    4350.00        3.90  9400. -0.5     0.464  -0.775   0.770  -0.283
    4370.00        3.90  9400. -0.5     0.435  -0.766   0.747  -0.270
    4390.00        3.90  9400. -0.5     0.460  -0.798   0.782  -0.284
    4410.00        3.90  9400. -0.5     0.459  -0.762   0.754  -0.276
    4430.00        3.90  9400. -0.5     0.443  -0.701   0.665  -0.231
    4450.00        3.90  9400. -0.5     0.450  -0.733   0.715  -0.256
    4470.00        3.90  9400. -0.5     0.447  -0.714   0.692  -0.245
    4490.00        3.90  9400. -0.5     0.454  -0.743   0.737  -0.269
    4510.00        3.90  9400. -0.5     0.454  -0.745   0.739  -0.270
    4530.00        3.90  9400. -0.5     0.451  -0.735   0.721  -0.260
    4550.00        3.90  9400. -0.5     0.450  -0.729   0.712  -0.255
    4570.00        3.90  9400. -0.5     0.444  -0.710   0.683  -0.241
    4590.00        3.90  9400. -0.5     0.436  -0.681   0.638  -0.218
    4610.00        3.90  9400. -0.5     0.456  -0.759   0.754  -0.277
    4630.00        3.90  9400. -0.5     0.460  -0.777   0.766  -0.281
    4650.00        3.90  9400. -0.5     0.423  -0.771   0.743  -0.269
    4670.00        3.90  9400. -0.5     0.415  -0.757   0.729  -0.262
    4690.00        3.90  9400. -0.5     0.458  -0.787   0.770  -0.281
    4710.00        3.90  9400. -0.5     0.455  -0.763   0.757  -0.278
    4730.00        3.90  9400. -0.5     0.436  -0.691   0.652  -0.225
    4750.00        3.90  9400. -0.5     0.442  -0.713   0.683  -0.239
    4770.00        3.90  9400. -0.5     0.446  -0.733   0.717  -0.258
    4790.00        3.90  9400. -0.5     0.448  -0.741   0.730  -0.264
    4810.00        3.90  9400. -0.5     0.448  -0.744   0.732  -0.265
    4830.00        3.90  9400. -0.5     0.446  -0.737   0.723  -0.261
    4850.00        3.90  9400. -0.5     0.450  -0.752   0.743  -0.270
    4870.00        3.90  9400. -0.5     0.448  -0.747   0.738  -0.268
    4890.00        3.90  9400. -0.5     0.450  -0.757   0.752  -0.275
    4910.00        3.90  9400. -0.5     0.434  -0.697   0.661  -0.229
    4930.00        3.90  9400. -0.5     0.446  -0.746   0.735  -0.266
    4950.00        3.90  9400. -0.5     0.445  -0.741   0.729  -0.264
    4970.00        3.90  9400. -0.5     0.446  -0.747   0.736  -0.267
    4990.00        3.90  9400. -0.5     0.429  -0.684   0.640  -0.217
    5010.00        3.90  9400. -0.5     0.440  -0.728   0.708  -0.253
    5030.00        3.90  9400. -0.5     0.431  -0.694   0.652  -0.223
    5050.00        3.90  9400. -0.5     0.437  -0.716   0.686  -0.241
    5070.00        3.90  9400. -0.5     0.432  -0.695   0.652  -0.223
    5090.00        3.90  9400. -0.5     0.446  -0.755   0.742  -0.270
    5110.00        3.90  9400. -0.5     0.452  -0.789   0.772  -0.281
    5130.00        3.90  9400. -0.5     0.404  -0.740   0.710  -0.255
    5150.00        3.90  9400. -0.5     0.450  -0.781   0.765  -0.279
    5170.00        3.90  9400. -0.5     0.440  -0.738   0.717  -0.257
    5190.00        3.90  9400. -0.5     0.432  -0.705   0.667  -0.231
    5210.00        3.90  9400. -0.5     0.436  -0.724   0.698  -0.247
    5230.00        3.90  9400. -0.5     0.438  -0.735   0.717  -0.257
    5250.00        3.90  9400. -0.5     0.445  -0.759   0.749  -0.272
    5270.00        3.90  9400. -0.5     0.442  -0.750   0.739  -0.269
    5290.00        3.90  9400. -0.5     0.442  -0.753   0.746  -0.273
    5310.00        3.90  9400. -0.5     0.444  -0.758   0.750  -0.273
    5330.00        3.90  9400. -0.5     0.442  -0.754   0.743  -0.270
    5350.00        3.90  9400. -0.5     0.446  -0.766   0.759  -0.277
    5370.00        3.90  9400. -0.5     0.430  -0.711   0.679  -0.238
    5390.00        3.90  9400. -0.5     0.439  -0.743   0.728  -0.263
    5410.00        3.90  9400. -0.5     0.443  -0.761   0.754  -0.275
    5430.00        3.90  9400. -0.5     0.436  -0.737   0.717  -0.257
    5450.00        3.90  9400. -0.5     0.432  -0.721   0.694  -0.245
    5470.00        3.90  9400. -0.5     0.429  -0.712   0.678  -0.236
    5490.00        3.90  9400. -0.5     0.438  -0.749   0.737  -0.267
    5510.00        3.90  9400. -0.5     0.441  -0.758   0.747  -0.271
    5530.00        3.90  9400. -0.5     0.436  -0.742   0.725  -0.261
    5550.00        3.90  9400. -0.5     0.435  -0.740   0.722  -0.259
    5570.00        3.90  9400. -0.5     0.442  -0.767   0.761  -0.278
    5590.00        3.90  9400. -0.5     0.434  -0.735   0.712  -0.253
    5610.00        3.90  9400. -0.5     0.428  -0.713   0.677  -0.235
    5630.00        3.90  9400. -0.5     0.440  -0.758   0.745  -0.269
    5650.00        3.90  9400. -0.5     0.439  -0.758   0.747  -0.271
    5670.00        3.90  9400. -0.5     0.434  -0.739   0.720  -0.258
    5690.00        3.90  9400. -0.5     0.440  -0.762   0.753  -0.274
    5710.00        3.90  9400. -0.5     0.441  -0.767   0.760  -0.278
    5730.00        3.90  9400. -0.5     0.432  -0.736   0.713  -0.254
    5750.00        3.90  9400. -0.5     0.439  -0.760   0.750  -0.273
    5770.00        3.90  9400. -0.5     0.437  -0.753   0.736  -0.265
    5790.00        3.90  9400. -0.5     0.429  -0.725   0.694  -0.244
    5810.00        3.90  9400. -0.5     0.430  -0.729   0.704  -0.250
    5830.00        3.90  9400. -0.5     0.430  -0.730   0.701  -0.248
    5850.00        3.90  9400. -0.5     0.418  -0.681   0.629  -0.212
    5870.00        3.90  9400. -0.5     0.438  -0.761   0.748  -0.272
    5890.00        3.90  9400. -0.5     0.439  -0.784   0.763  -0.277
    5910.00        3.90  9400. -0.5     0.383  -0.705   0.673  -0.241
    5930.00        3.90  9400. -0.5     0.439  -0.776   0.757  -0.275
    5950.00        3.90  9400. -0.5     0.434  -0.751   0.734  -0.266
    5970.00        3.90  9400. -0.5     0.418  -0.688   0.640  -0.217
    5990.00        3.90  9400. -0.5     0.423  -0.709   0.673  -0.234
    6010.00        3.90  9400. -0.5     0.426  -0.718   0.685  -0.240
    6030.00        3.90  9400. -0.5     0.435  -0.752   0.737  -0.267
    6050.00        3.90  9400. -0.5     0.436  -0.757   0.745  -0.270
    6070.00        3.90  9400. -0.5     0.430  -0.738   0.716  -0.256
    6090.00        3.90  9400. -0.5     0.428  -0.731   0.704  -0.250
    6110.00        3.90  9400. -0.5     0.412  -0.671   0.614  -0.204
    6130.00        3.90  9400. -0.5     0.429  -0.736   0.717  -0.257
    6150.00        3.90  9400. -0.5     0.432  -0.748   0.730  -0.263
    6170.00        3.90  9400. -0.5     0.434  -0.756   0.743  -0.269
    6190.00        3.90  9400. -0.5     0.432  -0.747   0.729  -0.262
    6210.00        3.90  9400. -0.5     0.431  -0.749   0.735  -0.266
    6230.00        3.90  9400. -0.5     0.421  -0.708   0.666  -0.229
    6250.00        3.90  9400. -0.5     0.431  -0.745   0.725  -0.260
    6270.00        3.90  9400. -0.5     0.423  -0.718   0.684  -0.239
    6290.00        3.90  9400. -0.5     0.430  -0.743   0.724  -0.260
    6310.00        3.90  9400. -0.5     0.427  -0.736   0.710  -0.252
    6330.00        3.90  9400. -0.5     0.421  -0.712   0.673  -0.233
    6350.00        3.90  9400. -0.5     0.421  -0.714   0.677  -0.236
    6370.00        3.90  9400. -0.5     0.429  -0.745   0.728  -0.263
    6390.00        3.90  9400. -0.5     0.425  -0.730   0.703  -0.249
    6420.00        3.90  9400. -0.5     0.429  -0.749   0.733  -0.265
    6460.00        3.90  9400. -0.5     0.433  -0.762   0.747  -0.270
    6500.00        3.90  9400. -0.5     0.424  -0.731   0.706  -0.251
    6540.00        3.90  9400. -0.5     0.428  -0.746   0.725  -0.260
    6580.00        3.90  9400. -0.5     0.427  -0.743   0.723  -0.260
    6620.00        3.90  9400. -0.5     0.408  -0.672   0.615  -0.205
    6660.00        3.90  9400. -0.5     0.427  -0.745   0.719  -0.255
    6700.00        3.90  9400. -0.5     0.428  -0.753   0.736  -0.265
    6740.00        3.90  9400. -0.5     0.421  -0.729   0.703  -0.251
    6780.00        3.90  9400. -0.5     0.422  -0.731   0.704  -0.250
    6820.00        3.90  9400. -0.5     0.424  -0.742   0.719  -0.257
    6860.00        3.90  9400. -0.5     0.409  -0.683   0.625  -0.208
    6900.00        3.90  9400. -0.5     0.403  -0.661   0.596  -0.195
    6940.00        3.90  9400. -0.5     0.407  -0.675   0.615  -0.204
    6980.00        3.90  9400. -0.5     0.405  -0.674   0.615  -0.204
    7020.00        3.90  9400. -0.5     0.417  -0.719   0.683  -0.239
    7060.00        3.90  9400. -0.5     0.406  -0.676   0.615  -0.204
    7100.00        3.90  9400. -0.5     0.418  -0.729   0.702  -0.250
    7140.00        3.90  9400. -0.5     0.421  -0.740   0.718  -0.258
    7180.00        3.90  9400. -0.5     0.406  -0.682   0.630  -0.214
    7220.00        3.90  9400. -0.5     0.410  -0.697   0.653  -0.226
    7260.00        3.90  9400. -0.5     0.418  -0.728   0.697  -0.247
    7300.00        3.90  9400. -0.5     0.418  -0.729   0.697  -0.246
    7340.00        3.90  9400. -0.5     0.414  -0.712   0.669  -0.232
    7380.00        3.90  9400. -0.5     0.400  -0.661   0.594  -0.194
    7420.00        3.90  9400. -0.5     0.422  -0.753   0.730  -0.264
    7460.00        3.90  9400. -0.5     0.393  -0.728   0.699  -0.252
    7500.00        3.90  9400. -0.5     0.395  -0.741   0.714  -0.258
    7540.00        3.90  9400. -0.5     0.414  -0.729   0.697  -0.249
    7580.00        3.90  9400. -0.5     0.402  -0.676   0.616  -0.206
    7620.00        3.90  9400. -0.5     0.411  -0.713   0.674  -0.235
    7660.00        3.90  9400. -0.5     0.413  -0.722   0.689  -0.243
    7700.00        3.90  9400. -0.5     0.417  -0.735   0.706  -0.251
    7740.00        3.90  9400. -0.5     0.412  -0.717   0.684  -0.242
    7780.00        3.90  9400. -0.5     0.418  -0.741   0.717  -0.258
    7820.00        3.90  9400. -0.5     0.416  -0.734   0.707  -0.252
    7860.00        3.90  9400. -0.5     0.409  -0.711   0.678  -0.240
    7900.00        3.90  9400. -0.5     0.420  -0.747   0.723  -0.259
    7940.00        3.90  9400. -0.5     0.416  -0.739   0.715  -0.257
    7980.00        3.90  9400. -0.5     0.414  -0.734   0.709  -0.254
    8020.00        3.90  9400. -0.5     0.413  -0.730   0.702  -0.251
    8060.00        3.90  9400. -0.5     0.416  -0.738   0.709  -0.253
    8100.00        3.90  9400. -0.5     0.414  -0.734   0.707  -0.254
    8140.00        3.90  9400. -0.5     0.412  -0.730   0.701  -0.250
    8180.00        3.90  9400. -0.5     0.413  -0.731   0.701  -0.250
    8220.00        3.90  9400. -0.5     0.412  -0.727   0.699  -0.250
    8260.00        3.90  9400. -0.5     0.409  -0.720   0.689  -0.246
    8300.00        3.90  9400. -0.5     0.415  -0.740   0.714  -0.256
    8340.00        3.90  9400. -0.5     0.395  -0.664   0.600  -0.199
    8380.00        3.90  9400. -0.5     0.414  -0.737   0.709  -0.254
    8420.00        3.90  9400. -0.5     0.399  -0.681   0.626  -0.212
    8460.00        3.90  9400. -0.5     0.407  -0.714   0.680  -0.241
    8500.00        3.90  9400. -0.5     0.408  -0.718   0.685  -0.244
    8540.00        3.90  9400. -0.5     0.412  -0.730   0.697  -0.247
    8580.00        3.90  9400. -0.5     0.409  -0.725   0.696  -0.249
    8620.00        3.90  9400. -0.5     0.416  -0.746   0.720  -0.258
    8660.00        3.90  9400. -0.5     0.416  -0.746   0.724  -0.262
    8700.00        3.90  9400. -0.5     0.413  -0.736   0.707  -0.253
    8740.00        3.90  9400. -0.5     0.411  -0.726   0.690  -0.243
    8780.00        3.90  9400. -0.5     0.411  -0.734   0.705  -0.252
    8820.00        3.90  9400. -0.5     0.404  -0.708   0.669  -0.235
    8860.00        3.90  9400. -0.5     0.406  -0.717   0.684  -0.242
    8900.00        3.90  9400. -0.5     0.412  -0.733   0.701  -0.249
    8940.00        3.90  9400. -0.5     0.413  -0.741   0.712  -0.254
    8980.00        3.90  9400. -0.5     0.400  -0.697   0.654  -0.228
    9020.00        3.90  9400. -0.5     0.409  -0.729   0.701  -0.250
    9060.00        3.90  9400. -0.5     0.410  -0.731   0.701  -0.250
    9100.00        3.90  9400. -0.5     0.410  -0.732   0.699  -0.248
    9140.00        3.90  9400. -0.5     0.417  -0.757   0.735  -0.265
    9180.00        3.90  9400. -0.5     0.408  -0.724   0.692  -0.247
    9220.00        3.90  9400. -0.5     0.410  -0.733   0.703  -0.251
    9260.00        3.90  9400. -0.5     0.405  -0.719   0.688  -0.246
    9300.00        3.90  9400. -0.5     0.408  -0.727   0.694  -0.247
    9340.00        3.90  9400. -0.5     0.415  -0.754   0.733  -0.265
    9380.00        3.90  9400. -0.5     0.407  -0.726   0.694  -0.248
    9420.00        3.90  9400. -0.5     0.403  -0.710   0.673  -0.239
    9460.00        3.90  9400. -0.5     0.402  -0.706   0.665  -0.234
    9500.00        3.90  9400. -0.5     0.401  -0.709   0.676  -0.241
    9540.00        3.90  9400. -0.5     0.401  -0.702   0.655  -0.227
    9580.00        3.90  9400. -0.5     0.411  -0.741   0.712  -0.255
    9620.00        3.90  9400. -0.5     0.404  -0.719   0.686  -0.244
    9660.00        3.90  9400. -0.5     0.408  -0.737   0.713  -0.257
    9700.00        3.90  9400. -0.5     0.411  -0.745   0.721  -0.260
    9740.00        3.90  9400. -0.5     0.400  -0.707   0.668  -0.236
    9780.00        3.90  9400. -0.5     0.407  -0.723   0.686  -0.242
    9820.00        3.90  9400. -0.5     0.404  -0.717   0.677  -0.238
    9860.00        3.90  9400. -0.5     0.414  -0.753   0.729  -0.263
    9900.00        3.90  9400. -0.5     0.404  -0.726   0.700  -0.252
    9940.00        3.90  9400. -0.5     0.400  -0.706   0.668  -0.237
    9980.00        3.90  9400. -0.5     0.401  -0.704   0.658  -0.229
   10020.00        3.90  9400. -0.5     0.401  -0.706   0.662  -0.231
   20000.00        3.90  9400. -0.5     0.409  -0.765   0.734  -0.264
   40000.00        3.90  9400. -0.5     0.418  -0.755   0.688  -0.236
   60000.00        3.90  9400. -0.5     0.420  -0.749   0.683  -0.237
   80000.00        3.90  9400. -0.5     0.398  -0.685   0.617  -0.215
  100000.00        3.90  9400. -0.5     0.385  -0.646   0.572  -0.196
  120000.00        3.90  9400. -0.5     0.381  -0.644   0.580  -0.203
  140000.00        3.90  9400. -0.5     0.384  -0.661   0.607  -0.215
  160000.00        3.90  9400. -0.5     0.387  -0.673   0.622  -0.221
