                                        NON LINEAR LIMB-DARKENING LAW

                          u        v       b        y        U        B        V        R        I         J         H         K
 vt log g Teff  log Z

e  2 3.50  2000.  0.0   0.9048   0.9290   0.9125   0.9458   0.9187   0.9232   0.9471   0.9669   0.9755    0.9693    0.9305    0.8575
f  2 3.50  2000.  0.0  -0.8765  -0.6737  -0.8791  -0.6334  -0.7678  -0.7685  -0.6046  -0.3536  -0.1383    0.4672    0.5069    0.6015
e  2 4.00  2000.  0.0   0.9261   0.9430   0.9206   0.9547   0.9409   0.9352   0.9553   0.9714   0.9753    0.9624    0.9224    0.8423
f  2 4.00  2000.  0.0  -0.7531  -0.5843  -0.8226  -0.5583  -0.6295  -0.6848  -0.5330  -0.2910  -0.0966    0.4516    0.4917    0.5776
e  2 4.50  2000.  0.0   0.9426   0.9585   0.9268   0.9608   0.9554   0.9457   0.9608   0.9734   0.9743    0.9592    0.9221    0.8297
f  2 4.50  2000.  0.0  -0.6476  -0.4698  -0.7755  -0.5034  -0.5339  -0.6030  -0.4807  -0.2573  -0.0839    0.4329    0.4737    0.5422
e  2 5.00  2000.  0.0   0.9558   0.9701   0.9369   0.9669   0.9654   0.9560   0.9667   0.9750   0.9730    0.9563    0.9219    0.8106
f  2 5.00  2000.  0.0  -0.5508  -0.3668  -0.7056  -0.4467  -0.4539  -0.5166  -0.4214  -0.2244  -0.0721    0.4215    0.4552    0.5016
e  2 3.50  2200.  0.0   0.9314   0.9576   0.9302   0.9556   0.9427   0.9450   0.9550   0.9682   0.9763    0.9348    0.8965    0.8156
f  2 3.50  2200.  0.0  -0.6718  -0.4446  -0.7757  -0.5741  -0.5795  -0.6231  -0.5615  -0.3568  -0.1523    0.5967    0.5914    0.6442
e  2 4.00  2200.  0.0   0.9463   0.9639   0.9385   0.9644   0.9570   0.9530   0.9630   0.9736   0.9758    0.9278    0.8866    0.7987
f  2 4.00  2200.  0.0  -0.5915  -0.4140  -0.7110  -0.4908  -0.4832  -0.5576  -0.4833  -0.2779  -0.1013    0.5793    0.5766    0.6241
e  2 4.50  2200.  0.0   0.9560   0.9670   0.9378   0.9672   0.9677   0.9547   0.9654   0.9749   0.9734    0.9301    0.8901    0.7967
f  2 4.50  2200.  0.0  -0.5269  -0.3821  -0.7045  -0.4527  -0.4048  -0.5286  -0.4478  -0.2430  -0.0985    0.5485    0.5535    0.5965
e  2 5.00  2200.  0.0   0.9674   0.9781   0.9443   0.9717   0.9759   0.9630   0.9705   0.9764   0.9711    0.9302    0.8935    0.7866
f  2 5.00  2200.  0.0  -0.4340  -0.2783  -0.6496  -0.3967  -0.3285  -0.4492  -0.3870  -0.2049  -0.0918    0.5218    0.5343    0.5517
e  2 3.50  2400.  0.0   0.9619   0.9831   0.9598   0.9759   0.9731   0.9742   0.9747   0.9783   0.9813    0.8767    0.8430    0.7555
f  2 3.50  2400.  0.0  -0.3781  -0.1338  -0.5623  -0.4043  -0.2822  -0.3707  -0.4011  -0.2530  -0.0828    0.6734    0.6445    0.6539
e  2 4.00  2400.  0.0   0.9713   0.9864   0.9660   0.9811   0.9781   0.9781   0.9796   0.9805   0.9789    0.8684    0.8320    0.7382
f  2 4.00  2400.  0.0  -0.3427  -0.1467  -0.5012  -0.3359  -0.2558  -0.3317  -0.3336  -0.1818  -0.0389    0.6625    0.6321    0.6379
e  2 4.50  2400.  0.0   0.9735   0.9827   0.9625   0.9803   0.9793   0.9740   0.9783   0.9791   0.9754    0.8761    0.8389    0.7406
f  2 4.50  2400.  0.0  -0.3382  -0.1925  -0.5172  -0.3236  -0.2381  -0.3499  -0.3240  -0.1622  -0.0495    0.6391    0.6156    0.6236
e  2 5.00  2400.  0.0   0.9787   0.9822   0.9606   0.9798   0.9841   0.9727   0.9784   0.9783   0.9713    0.8834    0.8475    0.7416
f  2 5.00  2400.  0.0  -0.2738  -0.1521  -0.5146  -0.2946  -0.1655  -0.3225  -0.2907  -0.1297  -0.0562    0.6066    0.5980    0.5915
e  2 3.50  2600.  0.0   0.9825   0.9820   0.9946   0.9990   0.9865   0.9958   0.9977   0.9888   0.9831    0.7833    0.7540    0.6632
f  2 3.50  2600.  0.0  -0.0046   0.2006  -0.2065  -0.0806   0.0850  -0.0154  -0.0773   0.0252   0.1639    0.6772    0.6426    0.6161
e  2 4.00  2600.  0.0   0.9870   0.9913   0.9906   0.9953   0.9905   0.9949   0.9938   0.9840   0.9798    0.7909    0.7613    0.6677
f  2 4.00  2600.  0.0  -0.0636   0.1322  -0.2449  -0.1173   0.0181  -0.0657  -0.1102   0.0024   0.1280    0.6787    0.6395    0.6172
e  2 4.50  2600.  0.0   0.9872   0.9904   0.9885   0.9934   0.9865   0.9914   0.9918   0.9804   0.9762    0.7953    0.7658    0.6655
f  2 4.50  2600.  0.0  -0.0717   0.0780  -0.2466  -0.1059   0.0002  -0.0832  -0.0997   0.0200   0.1308    0.6684    0.6327    0.6086
e  2 5.00  2600.  0.0   0.9840   0.9828   0.9819   0.9881   0.9823   0.9834   0.9869   0.9758   0.9728    0.8136    0.7828    0.6773
f  2 5.00  2600.  0.0  -0.0777   0.0169  -0.2976  -0.1325   0.0096  -0.1308  -0.1231   0.0090   0.0945    0.6510    0.6306    0.5969
e  2 3.50  2800.  0.0   0.9729   0.9508   0.9970   0.9880   0.9668   0.9830   0.9852   0.9625   0.9441    0.7032    0.6840    0.5945
f  2 3.50  2800.  0.0   0.2252   0.3502   0.0661   0.1884   0.2953   0.2080   0.1937   0.2878   0.3886    0.6148    0.5848    0.5510
e  2 4.00  2800.  0.0   0.9816   0.9667   0.9966   0.9879   0.9762   0.9880   0.9843   0.9592   0.9522    0.7105    0.6895    0.5987
f  2 4.00  2800.  0.0   0.1795   0.3238  -0.0046   0.1049   0.2399   0.1565   0.1145   0.2097   0.3274    0.6349    0.6011    0.5659
e  2 4.50  2800.  0.0   0.9818   0.9717   0.9983   0.9900   0.9757   0.9885   0.9860   0.9598   0.9555    0.7086    0.6864    0.5919
f  2 4.50  2800.  0.0   0.1654   0.3043   0.0065   0.1069   0.2205   0.1561   0.1138   0.1972   0.3343    0.6373    0.6068    0.5665
e  2 5.00  2800.  0.0   0.9742   0.9711   0.9959   0.9867   0.9644   0.9840   0.9831   0.9550   0.9567    0.7276    0.7047    0.6036
f  2 5.00  2800.  0.0   0.1233   0.2239  -0.0420   0.0621   0.1680   0.0972   0.0757   0.1646   0.3048    0.6408    0.6183    0.5694
e  2 3.50  3000.  0.0   0.9566   0.9268   0.9789   0.9591   0.9454   0.9618   0.9545   0.9207   0.8968    0.6698    0.6714    0.5806
f  2 3.50  3000.  0.0   0.3057   0.3768   0.1458   0.2690   0.3669   0.2654   0.2731   0.3705   0.4302    0.5558    0.5532    0.5261
e  2 4.00  3000.  0.0   0.9517   0.9167   0.9809   0.9585   0.9386   0.9570   0.9530   0.9151   0.8903    0.6282    0.6199    0.5291
f  2 4.00  3000.  0.0   0.3664   0.4490   0.2296   0.3138   0.4149   0.3467   0.3127   0.3799   0.4859    0.5649    0.5554    0.5097
e  2 4.50  3000.  0.0   0.9522   0.9214   0.9842   0.9624   0.9393   0.9586   0.9561   0.9163   0.8955    0.6204    0.6081    0.5162
f  2 4.50  3000.  0.0   0.3661   0.4577   0.2464   0.3136   0.4036   0.3584   0.3077   0.3594   0.4992    0.5709    0.5607    0.5069
e  2 5.00  3000.  0.0   0.9503   0.9361   0.9894   0.9677   0.9371   0.9644   0.9608   0.9186   0.9108    0.6446    0.6297    0.5345
f  2 5.00  3000.  0.0   0.2930   0.3909   0.1855   0.2472   0.3254   0.2923   0.2467   0.2966   0.4647    0.5905    0.5800    0.5213
e  2 3.50  3200.  0.0   0.9467   0.9166   0.9592   0.9354   0.9339   0.9466   0.9291   0.8889   0.8735    0.6829    0.7153    0.6159
f  2 3.50  3200.  0.0   0.3009   0.3234   0.0489   0.1899   0.3631   0.1896   0.1937   0.3239   0.3460    0.4868    0.5294    0.5149
e  2 4.00  3200.  0.0   0.9335   0.8968   0.9623   0.9324   0.9180   0.9381   0.9252   0.8775   0.8541    0.6098    0.6137    0.5196
f  2 4.00  3200.  0.0   0.3895   0.4465   0.2357   0.3037   0.4372   0.3486   0.2988   0.3658   0.4663    0.5293    0.5558    0.5026
e  2 4.50  3200.  0.0   0.9239   0.8871   0.9615   0.9312   0.9077   0.9311   0.9242   0.8744   0.8444    0.5812    0.5746    0.4838
f  2 4.50  3200.  0.0   0.4215   0.4856   0.3227   0.3643   0.4547   0.4125   0.3522   0.3905   0.5220    0.5314    0.5411    0.4793
e  2 5.00  3200.  0.0   0.9153   0.8869   0.9628   0.9326   0.8992   0.9287   0.9258   0.8743   0.8445    0.5769    0.5645    0.4745
f  2 5.00  3200.  0.0   0.4104   0.4815   0.3521   0.3823   0.4354   0.4238   0.3681   0.3897   0.5435    0.5360    0.5405    0.4729
e  2 3.50  3400.  0.0   0.9360   0.9075   0.9302   0.9064   0.9227   0.9257   0.8969   0.8514   0.8576    0.7172    0.7688    0.6638
f  2 3.50  3400.  0.0   0.2536   0.1951  -0.1900  -0.0195   0.3209  -0.0181  -0.0212   0.1758   0.1748    0.3739    0.4814    0.4790
e  2 4.00  3400.  0.0   0.9175   0.8881   0.9437   0.9083   0.9004   0.9238   0.8985   0.8392   0.8338    0.6224    0.6351    0.5340
f  2 4.00  3400.  0.0   0.3602   0.3872   0.1188   0.1686   0.4097   0.2523   0.1538   0.2356   0.3630    0.4855    0.5494    0.4936
e  2 4.50  3400.  0.0   0.8989   0.8667   0.9413   0.9050   0.8807   0.9113   0.8966   0.8357   0.8097    0.5666    0.5571    0.4666
f  2 4.50  3400.  0.0   0.4171   0.4684   0.3103   0.3195   0.4497   0.3942   0.2998   0.3243   0.4817    0.5051    0.5373    0.4659
e  2 5.00  3400.  0.0   0.8827   0.8536   0.9366   0.9012   0.8646   0.9009   0.8948   0.8350   0.7968    0.5469    0.5297    0.4444
f  2 5.00  3400.  0.0   0.4319   0.4872   0.3977   0.3994   0.4535   0.4498   0.3790   0.3806   0.5372    0.5065    0.5214    0.4477
e  2 3.50  3600.  0.0   0.9135   0.8992   0.9046   0.8750   0.9013   0.9056   0.8629   0.8044   0.8471    0.7425    0.7597    0.6553
f  2 3.50  3600.  0.0   0.1520   0.0333  -0.4080  -0.2950   0.2340  -0.2332  -0.2945  -0.0762   0.0129    0.3600    0.5097    0.4889
e  2 4.00  3600.  0.0   0.8862   0.8754   0.9147   0.8789   0.8680   0.9001   0.8668   0.7973   0.8155    0.6565    0.6809    0.5755
f  2 4.00  3600.  0.0   0.2868   0.2480  -0.0898  -0.0493   0.3511   0.0679  -0.0794   0.0339   0.2083    0.3927    0.4969    0.4507
e  2 4.50  3600.  0.0   0.8619   0.8518   0.9180   0.8795   0.8385   0.8888   0.8709   0.7991   0.7826    0.5729    0.5563    0.4652
f  2 4.50  3600.  0.0   0.3615   0.3967   0.2298   0.2108   0.3997   0.3138   0.1826   0.1920   0.4023    0.4690    0.5122    0.4409
e  2 5.00  3600.  0.0   0.8437   0.8317   0.9090   0.8714   0.8182   0.8729   0.8664   0.7974   0.7578    0.5324    0.5007    0.4205
f  2 5.00  3600.  0.0   0.4027   0.4568   0.3837   0.3625   0.4217   0.4218   0.3348   0.3115   0.4956    0.4812    0.4974    0.4233
e  2 3.50  3800.  0.0   0.8852   0.8887   0.9018   0.8734   0.8750   0.8984   0.8618   0.7997   0.8573    0.7631    0.7396    0.6368
f  2 3.50  3800.  0.0   0.0341  -0.1124  -0.4726  -0.4703   0.1224  -0.3479  -0.4554  -0.2775  -0.0519    0.3789    0.5401    0.5043
e  2 4.00  3800.  0.0   0.8514   0.8544   0.8972   0.8684   0.8309   0.8790   0.8588   0.7929   0.8108    0.6822    0.6897    0.5902
f  2 4.00  3800.  0.0   0.2201   0.0792  -0.2338  -0.2169   0.2937  -0.1084  -0.2450  -0.1284   0.1111    0.3261    0.4733    0.4262
e  2 4.50  3800.  0.0   0.8275   0.8321   0.8981   0.8670   0.7998   0.8680   0.8624   0.7961   0.7724    0.6028    0.5969    0.5030
f  2 4.50  3800.  0.0   0.3129   0.2687   0.1018   0.0924   0.3592   0.1747   0.0554   0.0766   0.3098    0.3956    0.4675    0.4092
e  2 5.00  3800.  0.0   0.8072   0.8103   0.8841   0.8514   0.7754   0.8488   0.8509   0.7866   0.7320    0.5359    0.4978    0.4189
f  2 5.00  3800.  0.0   0.3664   0.3850   0.3385   0.3245   0.3882   0.3602   0.2967   0.2681   0.4513    0.4469    0.4642    0.3987
e  2 3.50  4000.  0.0   0.8013   0.8054   0.8726   0.8541   0.7765   0.8417   0.8575   0.8222   0.7443    0.6338    0.6219    0.5297
f  2 3.50  4000.  0.0   0.2042  -0.0245  -0.0603  -0.0419   0.2739  -0.0895  -0.0451   0.0280   0.1867    0.2730    0.4252    0.3858
e  2 4.00  4000.  0.0   0.8266   0.8291   0.8935   0.8759   0.8015   0.8638   0.8745   0.8279   0.7877    0.6528    0.6429    0.5492
f  2 4.00  4000.  0.0   0.2397   0.0436  -0.1172  -0.1018   0.3124  -0.0788  -0.1303  -0.0795   0.1836    0.3018    0.4426    0.3958
e  2 4.50  4000.  0.0   0.7994   0.8070   0.8802   0.8558   0.7698   0.8450   0.8586   0.8058   0.7617    0.6303    0.6275    0.5372
f  2 4.50  4000.  0.0   0.2901   0.1189  -0.0464  -0.0209   0.3513   0.0050  -0.0605  -0.0132   0.2106    0.3041    0.4420    0.3888
e  2 5.00  4000.  0.0   0.7835   0.7921   0.8663   0.8360   0.7496   0.8298   0.8428   0.7899   0.7173    0.5587    0.5342    0.4516
f  2 5.00  4000.  0.0   0.3448   0.2832   0.2391   0.2533   0.3802   0.2479   0.2291   0.2295   0.3771    0.3845    0.4324    0.3766
e  2 3.50  4200.  0.0   0.7828   0.7900   0.8454   0.8226   0.7585   0.8261   0.8268   0.7810   0.6993    0.6049    0.5980    0.5105
f  2 3.50  4200.  0.0   0.1744  -0.0411  -0.0276  -0.0019   0.2463  -0.0764   0.0032   0.0998   0.1786    0.2484    0.4058    0.3652
e  2 4.00  4200.  0.0   0.8306   0.8319   0.8961   0.8838   0.8051   0.8675   0.8883   0.8570   0.7792    0.6512    0.6288    0.5386
f  2 4.00  4200.  0.0   0.1983  -0.0096  -0.0739  -0.0280   0.2851  -0.0902  -0.0427   0.0314   0.2167    0.2967    0.4392    0.3946
e  2 4.50  4200.  0.0   0.8051   0.8233   0.8963   0.8842   0.7767   0.8631   0.8881   0.8485   0.7957    0.6727    0.6485    0.5586
f  2 4.50  4200.  0.0   0.1845  -0.0243  -0.1299  -0.0910   0.2718  -0.1238  -0.1184  -0.0620   0.1837    0.3085    0.4650    0.4090
e  2 5.00  4200.  0.0   0.7834   0.7966   0.8715   0.8453   0.7494   0.8352   0.8565   0.8131   0.7344    0.6049    0.5871    0.5026
f  2 5.00  4200.  0.0   0.2971   0.1483   0.0624   0.1267   0.3564   0.0790   0.0969   0.1444   0.2851    0.3236    0.4299    0.3765
e  2 3.50  4400.  0.0   0.7798   0.7932   0.8341   0.8170   0.7551   0.8282   0.8223   0.7661   0.6880    0.5931    0.5779    0.4938
f  2 3.50  4400.  0.0   0.1101  -0.0539  -0.0369   0.0316   0.1840  -0.0720   0.0316   0.1256   0.1899    0.2577    0.3992    0.3579
e  2 4.00  4400.  0.0   0.8463   0.8469   0.8996   0.8835   0.8218   0.8785   0.8895   0.8592   0.7691    0.6497    0.6140    0.5282
f  2 4.00  4400.  0.0   0.1413  -0.0316  -0.0336   0.0341   0.2299  -0.0833   0.0343   0.1429   0.2455    0.3088    0.4368    0.3911
e  2 4.50  4400.  0.0   0.8068   0.8120   0.8762   0.8483   0.7766   0.8476   0.8594   0.8209   0.7337    0.6258    0.6058    0.5216
f  2 4.50  4400.  0.0   0.2324   0.0238  -0.0400   0.0340   0.3201  -0.0585   0.0241   0.1203   0.2156    0.2776    0.4216    0.3708
e  2 5.00  4400.  0.0   0.7858   0.8014   0.8780   0.8532   0.7525   0.8424   0.8675   0.8289   0.7485    0.6387    0.6154    0.5323
f  2 5.00  4400.  0.0   0.2413   0.0268  -0.0665   0.0221   0.3262  -0.0631   0.0026   0.0879   0.2106    0.2884    0.4444    0.3874
e  2 3.50  4600.  0.0   0.7869   0.7938   0.8308   0.8039   0.7625   0.8278   0.8085   0.7467   0.6698    0.5725    0.5528    0.4719
f  2 3.50  4600.  0.0   0.0768  -0.0405  -0.0559   0.0646   0.1453  -0.0545   0.0684   0.1477   0.2021    0.2600    0.3801    0.3395
e  2 4.00  4600.  0.0   0.8568   0.8593   0.8998   0.8767   0.8333   0.8865   0.8816   0.8403   0.7578    0.6452    0.5992    0.5167
f  2 4.00  4600.  0.0   0.0781  -0.0433  -0.0200   0.0728   0.1638  -0.0728   0.0732   0.1905   0.2611    0.3231    0.4340    0.3846
e  2 4.50  4600.  0.0   0.8182   0.8211   0.8731   0.8350   0.7896   0.8529   0.8447   0.7953   0.7131    0.6109    0.5850    0.5036
f  2 4.50  4600.  0.0   0.1956   0.0285  -0.0371   0.0641   0.2837  -0.0488   0.0581   0.1573   0.2232    0.2796    0.4079    0.3578
e  2 5.00  4600.  0.0   0.7941   0.8044   0.8690   0.8295   0.7614   0.8416   0.8439   0.7967   0.7142    0.6128    0.5872    0.5066
f  2 5.00  4600.  0.0   0.2343   0.0472  -0.0565   0.0661   0.3230  -0.0445   0.0545   0.1502   0.2201    0.2788    0.4096    0.3589
e  2 3.50  4800.  0.0   0.7976   0.7966   0.8324   0.7942   0.7729   0.8294   0.7961   0.7327   0.6565    0.5570    0.5319    0.4533
f  2 3.50  4800.  0.0   0.0590  -0.0232  -0.0400   0.0880   0.1177  -0.0365   0.0958   0.1641   0.2131    0.2620    0.3624    0.3190
e  2 4.00  4800.  0.0   0.8698   0.8714   0.9014   0.8748   0.8487   0.8946   0.8784   0.8290   0.7537    0.6398    0.5843    0.5043
f  2 4.00  4800.  0.0   0.0229  -0.0413  -0.0317   0.1127   0.1076  -0.0509   0.1135   0.2212   0.2839    0.3414    0.4298    0.3817
e  2 4.50  4800.  0.0   0.8261   0.8281   0.8721   0.8287   0.7995   0.8580   0.8375   0.7803   0.7023    0.5990    0.5659    0.4866
f  2 4.50  4800.  0.0   0.1433   0.0281  -0.0361   0.0944   0.2338  -0.0240   0.0891   0.1802   0.2373    0.2891    0.3975    0.3490
e  2 5.00  4800.  0.0   0.7989   0.8063   0.8641   0.8134   0.7676   0.8422   0.8273   0.7701   0.6913    0.5919    0.5634    0.4845
f  2 5.00  4800.  0.0   0.2023   0.0590  -0.0463   0.0906   0.2935  -0.0160   0.0796   0.1681   0.2250    0.2765    0.3899    0.3406
e  2 3.50  5000.  0.0   0.8295   0.8123   0.8368   0.7930   0.8140   0.8356   0.7935   0.7310   0.6560    0.5522    0.5264    0.4477
f  2 3.50  5000.  0.0   0.0890   0.0101  -0.0134   0.1098   0.1593  -0.0120   0.1152   0.1846   0.2327    0.2675    0.3562    0.3141
e  2 4.00  5000.  0.0   0.8613   0.8507   0.8749   0.8315   0.8418   0.8695   0.8345   0.7748   0.7003    0.5887    0.5454    0.4672
f  2 4.00  5000.  0.0   0.0688   0.0230   0.0022   0.1453   0.1515   0.0078   0.1496   0.2262   0.2775    0.3122    0.3864    0.3411
e  2 4.50  5000.  0.0   0.8230   0.8198   0.8602   0.8079   0.7973   0.8480   0.8160   0.7535   0.6761    0.5728    0.5403    0.4623
f  2 4.50  5000.  0.0   0.1222   0.0422  -0.0064   0.1194   0.2133   0.0083   0.1192   0.1927   0.2409    0.2828    0.3744    0.3276
e  2 5.00  5000.  0.0   0.7992   0.8042   0.8589   0.8009   0.7682   0.8393   0.8143   0.7520   0.6737    0.5733    0.5417    0.4640
f  2 5.00  5000.  0.0   0.1619   0.0596  -0.0106   0.1138   0.2545   0.0131   0.1078   0.1839   0.2322    0.2779    0.3741    0.3263
e  2 3.50  5200.  0.0   0.8294   0.8100   0.8317   0.7808   0.8107   0.8314   0.7792   0.7151   0.6400    0.5358    0.5054    0.4295
f  2 3.50  5200.  0.0   0.0916   0.0271   0.0141   0.1276   0.1504   0.0100   0.1352   0.1954   0.2383    0.2684    0.3432    0.2996
e  2 4.00  5200.  0.0   0.8633   0.8468   0.8683   0.8181   0.8437   0.8637   0.8190   0.7581   0.6839    0.5710    0.5255    0.4492
f  2 4.00  5200.  0.0   0.0663   0.0378   0.0337   0.1631   0.1412   0.0315   0.1708   0.2368   0.2830    0.3107    0.3715    0.3267
e  2 4.50  5200.  0.0   0.8265   0.8189   0.8550   0.7978   0.8003   0.8448   0.8035   0.7398   0.6628    0.5578    0.5213    0.4450
f  2 4.50  5200.  0.0   0.0961   0.0465   0.0252   0.1394   0.1799   0.0299   0.1443   0.2065   0.2491    0.2851    0.3605    0.3150
e  2 5.00  5200.  0.0   0.8031   0.8047   0.8544   0.7920   0.7712   0.8373   0.8035   0.7392   0.6610    0.5586    0.5233    0.4468
f  2 5.00  5200.  0.0   0.1232   0.0569   0.0247   0.1341   0.2127   0.0350   0.1350   0.1989   0.2407    0.2812    0.3611    0.3145
e  2 3.50  5400.  0.0   0.8245   0.8069   0.8254   0.7691   0.8016   0.8258   0.7655   0.6999   0.6239    0.5199    0.4854    0.4121
f  2 3.50  5400.  0.0   0.1019   0.0330   0.0386   0.1412   0.1422   0.0289   0.1496   0.2034   0.2419    0.2676    0.3286    0.2868
e  2 4.00  5400.  0.0   0.8639   0.8435   0.8613   0.8057   0.8427   0.8583   0.8046   0.7424   0.6680    0.5542    0.5065    0.4322
f  2 4.00  5400.  0.0   0.0765   0.0509   0.0651   0.1789   0.1404   0.0564   0.1876   0.2468   0.2882    0.3094    0.3574    0.3139
e  2 4.50  5400.  0.0   0.8303   0.8185   0.8489   0.7877   0.8032   0.8413   0.7909   0.7262   0.6493    0.5428    0.5028    0.4283
f  2 4.50  5400.  0.0   0.0871   0.0549   0.0558   0.1578   0.1565   0.0535   0.1647   0.2196   0.2571    0.2866    0.3468    0.3027
e  2 5.00  5400.  0.0   0.8087   0.8058   0.8484   0.7828   0.7761   0.8347   0.7916   0.7263   0.6482    0.5442    0.5054    0.4304
f  2 5.00  5400.  0.0   0.0975   0.0601   0.0561   0.1530   0.1764   0.0578   0.1579   0.2130   0.2491    0.2834    0.3478    0.3025
e  2 3.50  5600.  0.0   0.8172   0.8049   0.8184   0.7582   0.7935   0.8200   0.7531   0.6863   0.6091    0.5051    0.4669    0.3959
f  2 3.50  5600.  0.0   0.1180   0.0352   0.0598   0.1515   0.1323   0.0463   0.1600   0.2087   0.2426    0.2659    0.3157    0.2759
e  2 4.00  5600.  0.0   0.8615   0.8410   0.8543   0.7946   0.8388   0.8529   0.7919   0.7281   0.6529    0.5390    0.4889    0.4169
f  2 4.00  5600.  0.0   0.0927   0.0599   0.0909   0.1905   0.1371   0.0779   0.1993   0.2531   0.2900    0.3072    0.3453    0.3037
e  2 4.50  5600.  0.0   0.8321   0.8179   0.8424   0.7779   0.8043   0.8373   0.7790   0.7131   0.6359    0.5286    0.4854    0.4130
f  2 4.50  5600.  0.0   0.0908   0.0639   0.0829   0.1727   0.1437   0.0758   0.1800   0.2292   0.2622    0.2867    0.3347    0.2922
e  2 5.00  5600.  0.0   0.8141   0.8073   0.8429   0.7743   0.7811   0.8323   0.7805   0.7141   0.6359    0.5307    0.4890    0.4168
f  2 5.00  5600.  0.0   0.0918   0.0795   0.1019   0.1793   0.1531   0.0967   0.1866   0.2297   0.2571    0.2885    0.3441    0.2932
e  2 3.50  5800.  0.0   0.8081   0.8032   0.8104   0.7474   0.7869   0.8134   0.7410   0.6733   0.5948    0.4907    0.4495    0.3803
f  2 3.50  5800.  0.0   0.1378   0.0364   0.0774   0.1596   0.1224   0.0628   0.1674   0.2122   0.2422    0.2631    0.3036    0.2652
e  2 4.00  5800.  0.0   0.8556   0.8384   0.8461   0.7837   0.8333   0.8466   0.7797   0.7144   0.6380    0.5242    0.4722    0.4023
f  2 4.00  5800.  0.0   0.1143   0.0670   0.1121   0.1997   0.1286   0.0967   0.2079   0.2569   0.2899    0.3038    0.3333    0.2938
e  2 4.50  5800.  0.0   0.8312   0.8167   0.8349   0.7681   0.8041   0.8322   0.7673   0.7002   0.6223    0.5147    0.4688    0.3985
f  2 4.50  5800.  0.0   0.1003   0.0729   0.1058   0.1844   0.1315   0.0954   0.1914   0.2359   0.2650    0.2850    0.3229    0.2821
e  2 5.00  5800.  0.0   0.8172   0.8073   0.8354   0.7649   0.7849   0.8279   0.7688   0.7013   0.6228    0.5171    0.4729    0.4025
f  2 5.00  5800.  0.0   0.0938   0.0908   0.1295   0.1948   0.1353   0.1204   0.2021   0.2390   0.2618    0.2876    0.3319    0.2817
e  2 3.50  7000.  0.0   0.7333   0.8102   0.7782   0.7011   0.7601   0.7896   0.6917   0.6127   0.5280    0.4155    0.3647    0.3001
f  2 3.50  7000.  0.0   0.2685   0.1590   0.1780   0.2082   0.2033   0.1823   0.2082   0.2264   0.2379    0.2422    0.2470    0.2108
e  2 4.00  7000.  0.0   0.7975   0.8370   0.8081   0.7357   0.8084   0.8174   0.7279   0.6532   0.5701    0.4523    0.3934    0.3295
f  2 4.00  7000.  0.0   0.2625   0.1689   0.2096   0.2441   0.2062   0.2092   0.2444   0.2674   0.2807    0.2790    0.2771    0.2415
e  2 4.50  7000.  0.0   0.7926   0.8186   0.7922   0.7182   0.7923   0.8008   0.7117   0.6374   0.5548    0.4442    0.3896    0.3264
f  2 4.50  7000.  0.0   0.2330   0.1734   0.2207   0.2448   0.1981   0.2200   0.2445   0.2589   0.2652    0.2657    0.2688    0.2273
e  2 5.00  7000.  0.0   0.7981   0.8087   0.7868   0.7118   0.7867   0.7937   0.7074   0.6336   0.5518    0.4444    0.3913    0.3285
f  2 5.00  7000.  0.0   0.2074   0.1701   0.2279   0.2455   0.1894   0.2253   0.2462   0.2576   0.2613    0.2628    0.2672    0.2242
e  2 3.50  7200.  0.0   0.7180   0.8126   0.7769   0.6972   0.7548   0.7892   0.6878   0.6062   0.5208    0.4056    0.3539    0.2899
f  2 3.50  7200.  0.0   0.2764   0.1929   0.2036   0.2227   0.2239   0.2095   0.2212   0.2326   0.2400    0.2401    0.2405    0.2048
e  2 4.00  7200.  0.0   0.7853   0.8370   0.8042   0.7303   0.8035   0.8143   0.7224   0.6463   0.5628    0.4430    0.3834    0.3204
f  2 4.00  7200.  0.0   0.2767   0.2184   0.2525   0.2749   0.2359   0.2528   0.2729   0.2848   0.2886    0.2810    0.2740    0.2354
e  2 4.50  7200.  0.0   0.7802   0.8191   0.7881   0.7128   0.7872   0.7976   0.7059   0.6299   0.5467    0.4343    0.3787    0.3161
f  2 4.50  7200.  0.0   0.2481   0.1988   0.2391   0.2557   0.2158   0.2401   0.2543   0.2635   0.2662    0.2630    0.2617    0.2211
e  2 5.00  7200.  0.0   0.7873   0.8091   0.7814   0.7058   0.7821   0.7894   0.7006   0.6255   0.5431    0.4346    0.3802    0.3183
f  2 5.00  7200.  0.0   0.2253   0.1912   0.2425   0.2542   0.2044   0.2423   0.2539   0.2608   0.2614    0.2595    0.2596    0.2178
e  2 3.50  7400.  0.0   0.7001   0.8144   0.7757   0.6937   0.7478   0.7887   0.6841   0.5999   0.5136    0.3963    0.3445    0.2803
f  2 3.50  7400.  0.0   0.2734   0.2255   0.2271   0.2343   0.2385   0.2346   0.2315   0.2347   0.2375    0.2344    0.2321    0.1956
e  2 4.00  7400.  0.0   0.7709   0.8377   0.8018   0.7258   0.7973   0.8128   0.7177   0.6393   0.5548    0.4333    0.3737    0.3107
f  2 4.00  7400.  0.0   0.2795   0.2491   0.2738   0.2854   0.2524   0.2759   0.2821   0.2862   0.2853    0.2747    0.2651    0.2258
e  2 4.50  7400.  0.0   0.7669   0.8196   0.7846   0.7078   0.7815   0.7950   0.7007   0.6230   0.5390    0.4246    0.3682    0.3062
f  2 4.50  7400.  0.0   0.2597   0.2272   0.2598   0.2683   0.2344   0.2621   0.2657   0.2691   0.2676    0.2603    0.2549    0.2153
e  2 5.00  7400.  0.0   0.7751   0.8091   0.7767   0.7002   0.7766   0.7856   0.6945   0.6179   0.5349    0.4249    0.3696    0.3083
f  2 5.00  7400.  0.0   0.2391   0.2155   0.2588   0.2642   0.2205   0.2606   0.2629   0.2648   0.2619    0.2563    0.2524    0.2117
e  2 3.50  7600.  0.0   0.6832   0.8141   0.7724   0.6881   0.7405   0.7863   0.6785   0.5918   0.5054    0.3857    0.3338    0.2705
f  2 3.50  7600.  0.0   0.2796   0.2559   0.2511   0.2490   0.2557   0.2591   0.2453   0.2417   0.2401    0.2315    0.2257    0.1901
e  2 4.00  7600.  0.0   0.7560   0.8370   0.7978   0.7197   0.7904   0.8097   0.7115   0.6308   0.5458    0.4221    0.3625    0.3001
f  2 4.00  7600.  0.0   0.2904   0.2831   0.2993   0.3003   0.2745   0.3025   0.2959   0.2927   0.2869    0.2705    0.2573    0.2193
e  2 4.50  7600.  0.0   0.7534   0.8199   0.7814   0.7032   0.7756   0.7927   0.6958   0.6163   0.5317    0.4151    0.3581    0.2967
f  2 4.50  7600.  0.0   0.2691   0.2583   0.2829   0.2824   0.2535   0.2863   0.2789   0.2756   0.2695    0.2575    0.2485    0.2098
e  2 5.00  7600.  0.0   0.7618   0.8090   0.7725   0.6950   0.7705   0.7823   0.6888   0.6108   0.5271    0.4154    0.3593    0.2987
f  2 5.00  7600.  0.0   0.2502   0.2428   0.2772   0.2756   0.2378   0.2805   0.2734   0.2696   0.2628    0.2531    0.2456    0.2060
e  2 3.50  7800.  0.0   0.6700   0.8141   0.7698   0.6833   0.7353   0.7845   0.6737   0.5849   0.4989    0.3770    0.3251    0.2629
f  2 3.50  7800.  0.0   0.2849   0.2688   0.2658   0.2610   0.2627   0.2713   0.2569   0.2503   0.2452    0.2312    0.2222    0.1871
e  2 4.00  7800.  0.0   0.7429   0.8365   0.7945   0.7144   0.7843   0.8073   0.7061   0.6233   0.5382    0.4121    0.3526    0.2911
f  2 4.00  7800.  0.0   0.3005   0.3153   0.3242   0.3155   0.2947   0.3282   0.3105   0.3002   0.2898    0.2675    0.2513    0.2146
e  2 4.50  7800.  0.0   0.7390   0.8205   0.7792   0.6993   0.7691   0.7913   0.6918   0.6102   0.5249    0.4065    0.3495    0.2880
f  2 4.50  7800.  0.0   0.2681   0.2891   0.3048   0.2943   0.2668   0.3096   0.2897   0.2785   0.2673    0.2517    0.2403    0.2009
e  2 5.00  7800.  0.0   0.7482   0.8086   0.7686   0.6900   0.7639   0.7792   0.6835   0.6039   0.5197    0.4061    0.3495    0.2896
f  2 5.00  7800.  0.0   0.2594   0.2727   0.2976   0.2885   0.2555   0.3023   0.2855   0.2754   0.2640    0.2499    0.2392    0.2005
e  2 3.50  8000.  0.0   0.6596   0.8126   0.7660   0.6773   0.7310   0.7814   0.6679   0.5775   0.4927    0.3693    0.3175    0.2569
f  2 3.50  8000.  0.0   0.2877   0.2447   0.2626   0.2688   0.2483   0.2587   0.2651   0.2606   0.2533    0.2336    0.2216    0.1859
e  2 4.00  8000.  0.0   0.7309   0.8356   0.7910   0.7091   0.7787   0.8047   0.7008   0.6159   0.5309    0.4027    0.3436    0.2832
f  2 4.00  8000.  0.0   0.3096   0.3411   0.3444   0.3281   0.3107   0.3485   0.3229   0.3068   0.2927    0.2649    0.2464    0.2110
e  2 4.50  8000.  0.0   0.7233   0.8186   0.7742   0.6926   0.7611   0.7873   0.6849   0.6014   0.5160    0.3955    0.3386    0.2778
f  2 4.50  8000.  0.0   0.2769   0.3203   0.3269   0.3074   0.2850   0.3326   0.3024   0.2842   0.2685    0.2471    0.2329    0.1950
e  2 5.00  8000.  0.0   0.7341   0.8083   0.7656   0.6857   0.7571   0.7770   0.6788   0.5976   0.5128    0.3974    0.3407    0.2809
f  2 5.00  8000.  0.0   0.2609   0.3029   0.3178   0.3003   0.2689   0.3238   0.2965   0.2790   0.2628    0.2448    0.2317    0.1928
e  2 3.50  8200.  0.0   0.6501   0.8103   0.7606   0.6700   0.7272   0.7771   0.6605   0.5694   0.4863    0.3624    0.3111    0.2521
f  2 3.50  8200.  0.0   0.2880   0.2167   0.2486   0.2721   0.2346   0.2380   0.2692   0.2711   0.2622    0.2368    0.2221    0.1848
e  2 4.00  8200.  0.0   0.7197   0.8360   0.7888   0.7043   0.7739   0.8035   0.6958   0.6083   0.5232    0.3930    0.3345    0.2755
f  2 4.00  8200.  0.0   0.3188   0.3428   0.3437   0.3240   0.3148   0.3465   0.3195   0.3034   0.2907    0.2608    0.2416    0.2087
e  2 4.50  8200.  0.0   0.7094   0.8170   0.7698   0.6867   0.7543   0.7839   0.6788   0.5935   0.5081    0.3856    0.3290    0.2692
f  2 4.50  8200.  0.0   0.2852   0.3476   0.3462   0.3191   0.3007   0.3524   0.3140   0.2900   0.2705    0.2437    0.2272    0.1907
e  2 5.00  8200.  0.0   0.7192   0.8066   0.7611   0.6799   0.7495   0.7734   0.6728   0.5900   0.5050    0.3878    0.3311    0.2719
f  2 5.00  8200.  0.0   0.2665   0.3338   0.3384   0.3128   0.2844   0.3454   0.3086   0.2842   0.2634    0.2403    0.2248    0.1869
e  2 3.50  8400.  0.0   0.6421   0.8062   0.7552   0.6651   0.7235   0.7725   0.6557   0.5652   0.4837    0.3596    0.3084    0.2499
f  2 3.50  8400.  0.0   0.2821   0.2509   0.2757   0.2908   0.2478   0.2654   0.2881   0.2853   0.2720    0.2400    0.2228    0.1825
e  2 4.00  8400.  0.0   0.7151   0.8372   0.7895   0.7049   0.7730   0.8044   0.6963   0.6083   0.5237    0.3921    0.3336    0.2747
f  2 4.00  8400.  0.0   0.3078   0.3507   0.3609   0.3414   0.3110   0.3586   0.3366   0.3154   0.2976    0.2628    0.2422    0.2056
e  2 4.50  8400.  0.0   0.6962   0.8147   0.7651   0.6803   0.7476   0.7803   0.6722   0.5852   0.5002    0.3761    0.3199    0.2613
f  2 4.50  8400.  0.0   0.2928   0.3664   0.3592   0.3268   0.3126   0.3651   0.3222   0.2940   0.2723    0.2405    0.2225    0.1872
e  2 5.00  8400.  0.0   0.7045   0.8040   0.7561   0.6737   0.7418   0.7694   0.6663   0.5820   0.4971    0.3780    0.3216    0.2632
f  2 5.00  8400.  0.0   0.2735   0.3628   0.3573   0.3244   0.2998   0.3652   0.3201   0.2895   0.2649    0.2363    0.2189    0.1824
e  2 3.50  8600.  0.0   0.6309   0.7989   0.7467   0.6572   0.7162   0.7649   0.6477   0.5572   0.4767    0.3530    0.3021    0.2440
f  2 3.50  8600.  0.0   0.2846   0.2733   0.2967   0.3009   0.2615   0.2865   0.2978   0.2869   0.2721    0.2358    0.2179    0.1794
e  2 4.00  8600.  0.0   0.6993   0.8282   0.7764   0.6888   0.7618   0.7931   0.6802   0.5909   0.5080    0.3777    0.3213    0.2648
f  2 4.00  8600.  0.0   0.3158   0.2881   0.3231   0.3295   0.2867   0.3109   0.3262   0.3158   0.2999    0.2603    0.2380    0.2017
e  2 4.50  8600.  0.0   0.6837   0.8133   0.7614   0.6747   0.7416   0.7777   0.6663   0.5772   0.4923    0.3668    0.3113    0.2538
f  2 4.50  8600.  0.0   0.2992   0.3714   0.3604   0.3249   0.3178   0.3659   0.3209   0.2911   0.2704    0.2359    0.2176    0.1845
e  2 5.00  8600.  0.0   0.6907   0.8006   0.7507   0.6672   0.7343   0.7650   0.6594   0.5739   0.4893    0.3688    0.3128    0.2554
f  2 5.00  8600.  0.0   0.2795   0.3905   0.3756   0.3356   0.3146   0.3843   0.3313   0.2945   0.2666    0.2325    0.2136    0.1784
e  2 3.50  8800.  0.0   0.6209   0.7913   0.7369   0.6481   0.7086   0.7558   0.6386   0.5486   0.4691    0.3466    0.2961    0.2388
f  2 3.50  8800.  0.0   0.2866   0.2846   0.3082   0.3065   0.2727   0.3001   0.3031   0.2881   0.2727    0.2331    0.2144    0.1773
e  2 4.00  8800.  0.0   0.6847   0.8198   0.7632   0.6727   0.7517   0.7819   0.6640   0.5739   0.4930    0.3648    0.3105    0.2563
f  2 4.00  8800.  0.0   0.3253   0.2882   0.3101   0.3199   0.2948   0.3023   0.3184   0.3154   0.3016    0.2583    0.2345    0.1983
e  2 4.50  8800.  0.0   0.6774   0.8124   0.7591   0.6713   0.7389   0.7761   0.6628   0.5731   0.4890    0.3629    0.3078    0.2513
f  2 4.50  8800.  0.0   0.2948   0.3508   0.3554   0.3305   0.3061   0.3545   0.3269   0.2989   0.2770    0.2381    0.2182    0.1823
e  2 5.00  8800.  0.0   0.6769   0.7967   0.7448   0.6598   0.7265   0.7601   0.6518   0.5650   0.4807    0.3594    0.3040    0.2477
f  2 5.00  8800.  0.0   0.2851   0.4048   0.3836   0.3400   0.3245   0.3927   0.3360   0.2960   0.2670    0.2285    0.2088    0.1750
e  2 3.50  9000.  0.0   0.6271   0.7907   0.7354   0.6491   0.7118   0.7542   0.6399   0.5520   0.4736    0.3509    0.2998    0.2427
f  2 3.50  9000.  0.0   0.2798   0.3018   0.3290   0.3251   0.2819   0.3218   0.3213   0.3030   0.2851    0.2409    0.2202    0.1800
e  2 4.00  9000.  0.0   0.6702   0.8073   0.7489   0.6590   0.7394   0.7685   0.6503   0.5609   0.4811    0.3549    0.3020    0.2487
f  2 4.00  9000.  0.0   0.3277   0.3117   0.3346   0.3336   0.3087   0.3272   0.3311   0.3159   0.2985    0.2511    0.2278    0.1940
e  2 4.50  9000.  0.0   0.6544   0.7975   0.7378   0.6458   0.7212   0.7573   0.6372   0.5471   0.4657    0.3434    0.2913    0.2384
f  2 4.50  9000.  0.0   0.3079   0.2835   0.3061   0.3126   0.2874   0.3001   0.3106   0.2978   0.2792    0.2353    0.2136    0.1784
e  2 5.00  9000.  0.0   0.6598   0.7922   0.7372   0.6490   0.7160   0.7539   0.6405   0.5513   0.4671    0.3458    0.2919    0.2384
f  2 5.00  9000.  0.0   0.2957   0.3855   0.3635   0.3228   0.3232   0.3722   0.3200   0.2855   0.2627    0.2248    0.2058    0.1735
e  2 3.50  9200.  0.0   0.6179   0.7823   0.7245   0.6389   0.7028   0.7439   0.6299   0.5426   0.4650    0.3441    0.2936    0.2374
f  2 3.50  9200.  0.0   0.2827   0.3076   0.3323   0.3246   0.2896   0.3263   0.3207   0.2995   0.2820    0.2370    0.2163    0.1786
e  2 4.00  9200.  0.0   0.6696   0.8042   0.7450   0.6565   0.7383   0.7647   0.6480   0.5602   0.4814    0.3557    0.3028    0.2499
f  2 4.00  9200.  0.0   0.3209   0.3281   0.3513   0.3474   0.3156   0.3451   0.3444   0.3258   0.3062    0.2552    0.2307    0.1945
e  2 4.50  9200.  0.0   0.6428   0.7911   0.7297   0.6376   0.7134   0.7500   0.6290   0.5390   0.4583    0.3367    0.2852    0.2327
f  2 4.50  9200.  0.0   0.3058   0.3081   0.3233   0.3195   0.2985   0.3199   0.3171   0.2978   0.2771    0.2299    0.2079    0.1738
e  2 5.00  9200.  0.0   0.6480   0.7862   0.7285   0.6386   0.7082   0.7464   0.6301   0.5407   0.4578    0.3375    0.2847    0.2325
f  2 5.00  9200.  0.0   0.2967   0.3540   0.3503   0.3231   0.3122   0.3524   0.3204   0.2894   0.2661    0.2233    0.2029    0.1700
e  2 3.50  9400.  0.0   0.6313   0.7790   0.7199   0.6363   0.7077   0.7393   0.6277   0.5429   0.4669    0.3468    0.2963    0.2424
f  2 3.50  9400.  0.0   0.3003   0.3244   0.3444   0.3364   0.3084   0.3388   0.3326   0.3117   0.2948    0.2478    0.2254    0.1909
e  2 4.00  9400.  0.0   0.6601   0.7973   0.7364   0.6486   0.7303   0.7565   0.6401   0.5531   0.4748    0.3507    0.2985    0.2457
f  2 4.00  9400.  0.0   0.3151   0.3373   0.3579   0.3498   0.3197   0.3530   0.3464   0.3242   0.3033    0.2509    0.2263    0.1902
e  2 4.50  9400.  0.0   0.6312   0.7845   0.7212   0.6291   0.7052   0.7421   0.6205   0.5306   0.4505    0.3299    0.2792    0.2272
f  2 4.50  9400.  0.0   0.3023   0.3200   0.3330   0.3226   0.3037   0.3305   0.3198   0.2957   0.2740    0.2251    0.2031    0.1697
e  2 5.00  9400.  0.0   0.6338   0.7793   0.7170   0.6243   0.6982   0.7366   0.6158   0.5263   0.4451    0.3271    0.2760    0.2254
f  2 5.00  9400.  0.0   0.2977   0.3040   0.3173   0.3131   0.2951   0.3148   0.3110   0.2900   0.2681    0.2216    0.1997    0.1663
e  2 3.50  9600.  0.0   0.6184   0.7691   0.7094   0.6266   0.6957   0.7290   0.6182   0.5339   0.4584    0.3400    0.2903    0.2363
f  2 3.50  9600.  0.0   0.2936   0.3319   0.3433   0.3322   0.3097   0.3398   0.3283   0.3048   0.2875    0.2410    0.2193    0.1856
e  2 4.00  9600.  0.0   0.6461   0.7879   0.7252   0.6377   0.7186   0.7459   0.6293   0.5425   0.4648    0.3426    0.2913    0.2389
f  2 4.00  9600.  0.0   0.3107   0.3440   0.3585   0.3455   0.3225   0.3551   0.3420   0.3166   0.2956    0.2433    0.2195    0.1851
e  2 4.50  9600.  0.0   0.6195   0.7778   0.7127   0.6208   0.6966   0.7341   0.6121   0.5227   0.4431    0.3237    0.2736    0.2220
f  2 4.50  9600.  0.0   0.2961   0.3296   0.3394   0.3239   0.3065   0.3378   0.3207   0.2932   0.2705    0.2203    0.1983    0.1655
e  2 5.00  9600.  0.0   0.6195   0.7767   0.7117   0.6172   0.6901   0.7322   0.6084   0.5177   0.4364    0.3190    0.2687    0.2187
f  2 5.00  9600.  0.0   0.2918   0.3119   0.3143   0.3027   0.2960   0.3155   0.3010   0.2807   0.2608    0.2146    0.1931    0.1608
e  2 3.50  9800.  0.0   0.6207   0.7626   0.7036   0.6228   0.6931   0.7229   0.6147   0.5324   0.4579    0.3407    0.2911    0.2377
f  2 3.50  9800.  0.0   0.2931   0.3447   0.3503   0.3386   0.3162   0.3480   0.3346   0.3102   0.2921    0.2447    0.2222    0.1886
e  2 4.00  9800.  0.0   0.6398   0.7811   0.7176   0.6311   0.7119   0.7384   0.6228   0.5371   0.4599    0.3390    0.2882    0.2362
f  2 4.00  9800.  0.0   0.3071   0.3552   0.3630   0.3469   0.3274   0.3612   0.3432   0.3156   0.2938    0.2411    0.2172    0.1835
e  2 4.50  9800.  0.0   0.6144   0.7728   0.7065   0.6154   0.6921   0.7282   0.6068   0.5183   0.4393    0.3206    0.2707    0.2197
f  2 4.50  9800.  0.0   0.2928   0.3423   0.3476   0.3282   0.3122   0.3471   0.3247   0.2946   0.2709    0.2191    0.1967    0.1643
e  2 5.00  9800.  0.0   0.6113   0.7668   0.7006   0.6079   0.6825   0.7216   0.5993   0.5106   0.4306    0.3143    0.2645    0.2150
f  2 5.00  9800.  0.0   0.2894   0.3322   0.3370   0.3194   0.3052   0.3367   0.3166   0.2879   0.2632    0.2126    0.1903    0.1585
