                     NON LINEAR LIMB-DARKENING LAW

 VT   log g  Teff  log Z      A1      A2      A3      A4

 2.   3.50   2000.  0.0     0.733   0.047   0.059   0.130
 2.   4.00   2000.  0.0     0.728   0.067   0.091   0.086
 2.   4.50   2000.  0.0     0.750   0.021   0.166   0.038
 2.   5.00   2000.  0.0     0.820  -0.184   0.392  -0.055
 2.   3.50   2200.  0.0     0.886  -0.277   0.348  -0.001
 2.   4.00   2200.  0.0     0.867  -0.218   0.333  -0.027
 2.   4.50   2200.  0.0     0.812  -0.043   0.162   0.029
 2.   5.00   2200.  0.0     0.847  -0.122   0.249  -0.012
 2.   3.50   2400.  0.0     1.092  -0.744   0.811  -0.220
 2.   4.00   2400.  0.0     1.084  -0.694   0.751  -0.207
 2.   4.50   2400.  0.0     0.982  -0.396   0.455  -0.102
 2.   5.00   2400.  0.0     0.934  -0.222   0.260  -0.028
 2.   3.50   2600.  0.0     1.336  -1.350   1.429  -0.519
 2.   4.00   2600.  0.0     1.312  -1.276   1.319  -0.454
 2.   4.50   2600.  0.0     1.237  -1.038   1.057  -0.353
 2.   5.00   2600.  0.0     1.126  -0.671   0.652  -0.195
 2.   3.50   2800.  0.0     1.353  -1.323   1.242  -0.447
 2.   4.00   2800.  0.0     1.405  -1.569   1.566  -0.567
 2.   4.50   2800.  0.0     1.382  -1.520   1.553  -0.571
 2.   5.00   2800.  0.0     1.308  -1.264   1.273  -0.459
 2.   3.50   3000.  0.0     1.293  -1.161   0.959  -0.318
 2.   4.00   3000.  0.0     1.355  -1.418   1.269  -0.444
 2.   4.50   3000.  0.0     1.350  -1.462   1.381  -0.503
 2.   5.00   3000.  0.0     1.306  -1.364   1.348  -0.504
 2.   3.50   3200.  0.0     1.159  -0.917   0.601  -0.095
 2.   4.00   3200.  0.0     1.254  -1.261   1.075  -0.347
 2.   4.50   3200.  0.0     1.263  -1.314   1.180  -0.415
 2.   5.00   3200.  0.0     1.236  -1.222   1.106  -0.401
 2.   3.50   3400.  0.0     1.046  -1.270   1.353  -0.380
 2.   4.00   3400.  0.0     1.051  -1.211   1.345  -0.490
 2.   4.50   3400.  0.0     1.051  -1.005   0.974  -0.356
 2.   5.00   3400.  0.0     1.066  -0.900   0.773  -0.275
 2.   3.50   3600.  0.0     0.858  -1.411   2.096  -0.799
 2.   4.00   3600.  0.0     0.734  -0.757   1.203  -0.489
 2.   4.50   3600.  0.0     0.764  -0.493   0.653  -0.284
 2.   5.00   3600.  0.0     0.838  -0.500   0.463  -0.184
 2.   3.50   3800.  0.0     0.544  -0.444   1.107  -0.459
 2.   4.00   3800.  0.0     0.525  -0.171   0.615  -0.262
 2.   4.50   3800.  0.0     0.594  -0.088   0.305  -0.153
 2.   5.00   3800.  0.0     0.697  -0.123   0.091  -0.051
 2.   3.50   4000.  0.0     0.710  -0.173   0.193  -0.031
 2.   4.00   4000.  0.0     0.590   0.095   0.024   0.009
 2.   4.50   4000.  0.0     0.568   0.005   0.203  -0.090
 2.   5.00   4000.  0.0     0.672  -0.058   0.041  -0.021
 2.   3.50   4200.  0.0     0.709  -0.260   0.280  -0.065
 2.   4.00   4200.  0.0     0.747  -0.175   0.179  -0.023
 2.   4.50   4200.  0.0     0.518   0.301  -0.178   0.077
 2.   5.00   4200.  0.0     0.683  -0.122   0.173  -0.061
 2.   3.50   4400.  0.0     0.685  -0.244   0.264  -0.059
 2.   4.00   4400.  0.0     0.885  -0.507   0.479  -0.127
 2.   4.50   4400.  0.0     0.807  -0.460   0.511  -0.162
 2.   5.00   4400.  0.0     0.692  -0.178   0.276  -0.097
 2.   3.50   4600.  0.0     0.661  -0.271   0.325  -0.092
 2.   4.00   4600.  0.0     0.936  -0.693   0.677  -0.202
 2.   4.50   4600.  0.0     0.854  -0.633   0.681  -0.224
 2.   5.00   4600.  0.0     0.819  -0.566   0.637  -0.218
 2.   3.50   4800.  0.0     0.651  -0.311   0.397  -0.129
 2.   4.00   4800.  0.0     0.956  -0.774   0.754  -0.230
 2.   4.50   4800.  0.0     0.846  -0.645   0.682  -0.222
 2.   5.00   4800.  0.0     0.830  -0.667   0.746  -0.259
 2.   3.50   5000.  0.0     0.735  -0.525   0.606  -0.203
 2.   4.00   5000.  0.0     0.897  -0.797   0.832  -0.276
 2.   4.50   5000.  0.0     0.812  -0.640   0.694  -0.231
 2.   5.00   5000.  0.0     0.806  -0.649   0.721  -0.249
 2.   3.50   5200.  0.0     0.726  -0.546   0.649  -0.232
 2.   4.00   5200.  0.0     0.885  -0.820   0.874  -0.300
 2.   4.50   5200.  0.0     0.798  -0.646   0.710  -0.242
 2.   5.00   5200.  0.0     0.788  -0.634   0.703  -0.242
 2.   3.50   5400.  0.0     0.714  -0.546   0.646  -0.235
 2.   4.00   5400.  0.0     0.883  -0.848   0.909  -0.319
 2.   4.50   5400.  0.0     0.793  -0.670   0.742  -0.259
 2.   5.00   5400.  0.0     0.778  -0.640   0.711  -0.247
 2.   3.50   5600.  0.0     0.701  -0.543   0.641  -0.237
 2.   4.00   5600.  0.0     0.881  -0.876   0.941  -0.337
 2.   4.50   5600.  0.0     0.787  -0.688   0.767  -0.275
 2.   5.00   5600.  0.0     0.778  -0.700   0.823  -0.312
 2.   3.50   5800.  0.0     0.686  -0.547   0.651  -0.246
 2.   4.00   5800.  0.0     0.876  -0.903   0.975  -0.355
 2.   4.50   5800.  0.0     0.778  -0.700   0.785  -0.288
 2.   5.00   5800.  0.0     0.770  -0.718   0.855  -0.333
 2.   3.50   7000.  0.0     0.680  -0.758   0.923  -0.375
 2.   4.00   7000.  0.0     0.840  -1.039   1.177  -0.459
 2.   4.50   7000.  0.0     0.741  -0.833   0.998  -0.405
 2.   5.00   7000.  0.0     0.718  -0.785   0.959  -0.394
 2.   3.50   7200.  0.0     0.683  -0.785   0.953  -0.389
 2.   4.00   7200.  0.0     0.834  -1.038   1.187  -0.474
 2.   4.50   7200.  0.0     0.737  -0.844   1.009  -0.412
 2.   5.00   7200.  0.0     0.713  -0.794   0.970  -0.400
 2.   3.50   7400.  0.0     0.691  -0.852   1.050  -0.436
 2.   4.00   7400.  0.0     0.835  -1.092   1.272  -0.516
 2.   4.50   7400.  0.0     0.733  -0.851   1.016  -0.416
 2.   5.00   7400.  0.0     0.709  -0.804   0.980  -0.406
 2.   3.50   7600.  0.0     0.699  -0.879   1.067  -0.440
 2.   4.00   7600.  0.0     0.836  -1.107   1.280  -0.518
 2.   4.50   7600.  0.0     0.729  -0.852   1.014  -0.417
 2.   5.00   7600.  0.0     0.704  -0.808   0.983  -0.409
 2.   3.50   7800.  0.0     0.705  -0.888   1.053  -0.430
 2.   4.00   7800.  0.0     0.833  -1.098   1.254  -0.506
 2.   4.50   7800.  0.0     0.728  -0.893   1.080  -0.451
 2.   5.00   7800.  0.0     0.698  -0.805   0.976  -0.408
 2.   3.50   8000.  0.0     0.713  -0.892   1.023  -0.409
 2.   4.00   8000.  0.0     0.829  -1.083   1.217  -0.488
 2.   4.50   8000.  0.0     0.728  -0.901   1.075  -0.447
 2.   5.00   8000.  0.0     0.696  -0.834   1.021  -0.430
 2.   3.50   8200.  0.0     0.722  -0.904   1.008  -0.396
 2.   4.00   8200.  0.0     0.830  -1.085   1.195  -0.471
 2.   4.50   8200.  0.0     0.726  -0.894   1.049  -0.433
 2.   5.00   8200.  0.0     0.693  -0.837   1.017  -0.428
 2.   3.50   8400.  0.0     0.722  -0.891   0.988  -0.389
 2.   4.00   8400.  0.0     0.805  -1.013   1.119  -0.446
 2.   4.50   8400.  0.0     0.725  -0.889   1.023  -0.417
 2.   5.00   8400.  0.0     0.690  -0.830   0.993  -0.416
 2.   3.50   8600.  0.0     0.739  -0.947   1.038  -0.405
 2.   4.00   8600.  0.0     0.822  -1.066   1.142  -0.442
 2.   4.50   8600.  0.0     0.728  -0.901   1.014  -0.407
 2.   5.00   8600.  0.0     0.687  -0.821   0.965  -0.401
 2.   3.50   8800.  0.0     0.758  -1.005   1.089  -0.422
 2.   4.00   8800.  0.0     0.836  -1.115   1.172  -0.447
 2.   4.50   8800.  0.0     0.718  -0.867   0.966  -0.387
 2.   5.00   8800.  0.0     0.687  -0.823   0.946  -0.388
 2.   3.50   9000.  0.0     0.752  -0.955   1.023  -0.397
 2.   4.00   9000.  0.0     0.825  -1.092   1.131  -0.428
 2.   4.50   9000.  0.0     0.730  -0.908   0.965  -0.371
 2.   5.00   9000.  0.0     0.681  -0.808   0.897  -0.359
 2.   3.50   9200.  0.0     0.769  -1.012   1.075  -0.414
 2.   4.00   9200.  0.0     0.812  -1.037   1.063  -0.402
 2.   4.50   9200.  0.0     0.735  -0.939   0.998  -0.384
 2.   5.00   9200.  0.0     0.690  -0.840   0.915  -0.360
 2.   3.50   9400.  0.0     0.834  -1.133   1.167  -0.440
 2.   4.00   9400.  0.0     0.808  -1.043   1.072  -0.406
 2.   4.50   9400.  0.0     0.731  -0.942   0.998  -0.383
 2.   5.00   9400.  0.0     0.695  -0.864   0.923  -0.357
 2.   3.50   9600.  0.0     0.827  -1.143   1.184  -0.447
 2.   4.00   9600.  0.0     0.799  -1.044   1.073  -0.405
 2.   4.50   9600.  0.0     0.715  -0.912   0.962  -0.368
 2.   5.00   9600.  0.0     0.682  -0.856   0.915  -0.353
 2.   3.50   9800.  0.0     0.842  -1.166   1.198  -0.451
 2.   4.00   9800.  0.0     0.795  -1.037   1.059  -0.399
 2.   4.50   9800.  0.0     0.711  -0.900   0.941  -0.359
 2.   5.00   9800.  0.0     0.676  -0.837   0.884  -0.339
