                                        NON LINEAR LIMB-DARKENING LAW

      lambda      log g  Teff  log Z     A1      A2      A3      A4

      92.50        4.44  5777.  0.0     0.361  -1.613   2.440  -0.645
      93.50        4.44  5777.  0.0     0.350  -1.560   2.344  -0.613
      94.50        4.44  5777.  0.0     0.349  -1.546   2.312  -0.603
      95.50        4.44  5777.  0.0     0.360  -1.611   2.438  -0.662
      96.50        4.44  5777.  0.0     0.362  -1.619   2.454  -0.670
      97.50        4.44  5777.  0.0     0.356  -1.577   2.376  -0.650
      98.50        4.44  5777.  0.0     0.346  -1.550   2.351  -0.647
      99.50        4.44  5777.  0.0     0.343  -1.531   2.319  -0.643
     100.50        4.44  5777.  0.0     0.365  -1.630   2.483  -0.712
     101.50        4.44  5777.  0.0     0.357  -1.596   2.432  -0.696
     102.50        4.44  5777.  0.0     0.318  -1.385   2.046  -0.544
     103.50        4.44  5777.  0.0     0.357  -1.608   2.465  -0.720
     104.50        4.44  5777.  0.0     0.359  -1.618   2.492  -0.737
     105.50        4.44  5777.  0.0     0.354  -1.589   2.438  -0.723
     106.50        4.44  5777.  0.0     0.348  -1.570   2.423  -0.723
     107.50        4.44  5777.  0.0     0.353  -1.597   2.473  -0.749
     108.50        4.44  5777.  0.0     0.351  -1.590   2.471  -0.750
     109.50        4.44  5777.  0.0     0.343  -1.549   2.397  -0.726
     110.50        4.44  5777.  0.0    -0.299   0.921   0.380  -0.194
     111.50        4.44  5777.  0.0    -0.385   1.383  -0.164   0.005
     112.50        4.44  5777.  0.0    -0.434   1.638  -0.492   0.139
     113.50        4.44  5777.  0.0    -0.442   1.671  -0.516   0.149
     114.50        4.44  5777.  0.0    -0.461   1.761  -0.617   0.182
     115.50        4.44  5777.  0.0    -0.458   1.734  -0.584   0.164
     116.50        4.44  5777.  0.0    -0.481   1.823  -0.666   0.184
     117.50        4.44  5777.  0.0    -0.490   1.850  -0.693   0.192
     118.50        4.44  5777.  0.0    -0.489   1.791  -0.597   0.142
     119.50        4.44  5777.  0.0    -0.398   1.242   0.109  -0.153
     120.50        4.44  5777.  0.0    -0.335   0.832   0.682  -0.398
     121.50        4.44  5777.  0.0     0.174  -0.863   1.500  -0.501
     122.50        4.44  5777.  0.0    -0.282   0.610   0.922  -0.493
     123.50        4.44  5777.  0.0    -0.481   1.622  -0.327   0.005
     124.50        4.44  5777.  0.0    -0.501   1.811  -0.608   0.130
     125.50        4.44  5777.  0.0    -0.497   1.803  -0.611   0.134
     126.50        4.44  5777.  0.0    -0.474   1.670  -0.456   0.072
     127.50        4.44  5777.  0.0    -0.494   1.792  -0.624   0.138
     128.50        4.44  5777.  0.0    -0.469   1.623  -0.394   0.042
     129.50        4.44  5777.  0.0    -0.479   1.682  -0.463   0.062
     130.50        4.44  5777.  0.0    -0.428   1.403  -0.125  -0.070
     131.50        4.44  5777.  0.0    -0.452   1.518  -0.259  -0.023
     132.50        4.44  5777.  0.0    -0.412   1.329  -0.057  -0.099
     133.50        4.44  5777.  0.0    -0.395   1.240   0.050  -0.146
     134.50        4.44  5777.  0.0    -0.393   1.258   0.004  -0.124
     135.50        4.44  5777.  0.0    -0.389   1.214   0.070  -0.156
     136.50        4.44  5777.  0.0    -0.363   1.118   0.131  -0.167
     137.50        4.44  5777.  0.0    -0.347   1.023   0.237  -0.213
     138.50        4.44  5777.  0.0    -0.347   1.045   0.176  -0.189
     139.50        4.44  5777.  0.0    -0.333   0.983   0.236  -0.214
     140.50        4.44  5777.  0.0    -0.346   1.042   0.174  -0.192
     141.50        4.44  5777.  0.0    -0.356   1.088   0.109  -0.168
     142.50        4.44  5777.  0.0    -0.358   1.090   0.107  -0.172
     143.50        4.44  5777.  0.0    -0.375   1.182  -0.014  -0.122
     144.20        4.44  5777.  0.0    -0.437   1.451  -0.278  -0.034
     144.70        4.44  5777.  0.0    -0.387   1.235  -0.085  -0.100
     145.50        4.44  5777.  0.0    -0.394   1.248  -0.075  -0.107
     146.50        4.44  5777.  0.0    -0.437   1.474  -0.328  -0.017
     147.50        4.44  5777.  0.0    -0.451   1.538  -0.414   0.015
     148.50        4.44  5777.  0.0    -0.439   1.475  -0.356  -0.006
     149.50        4.44  5777.  0.0    -0.464   1.581  -0.431   0.013
     150.50        4.44  5777.  0.0    -0.496   1.740  -0.613   0.078
     151.20        4.44  5777.  0.0    -0.373   1.182  -0.073  -0.109
     151.70        4.44  5777.  0.0    -0.438   1.422  -0.259  -0.059
     152.50        4.44  5777.  0.0    -0.206   1.756  -1.049   0.350
     153.50        4.44  5777.  0.0    -0.094   1.629  -0.959   0.325
     154.50        4.44  5777.  0.0    -0.075   1.435  -0.725   0.231
     155.50        4.44  5777.  0.0    -0.008   1.410  -0.731   0.241
     156.50        4.44  5777.  0.0    -0.019   1.405  -0.726   0.232
     157.50        4.44  5777.  0.0     0.091   1.232  -0.532   0.149
     158.50        4.44  5777.  0.0     0.119   1.217  -0.547   0.157
     159.50        4.44  5777.  0.0     0.127   1.203  -0.537   0.155
     160.50        4.44  5777.  0.0     0.109   1.269  -0.624   0.191
     161.50        4.44  5777.  0.0     0.097   1.328  -0.713   0.231
     162.50        4.44  5777.  0.0     0.136   1.265  -0.664   0.208
     163.50        4.44  5777.  0.0     0.118   1.286  -0.661   0.202
     164.50        4.44  5777.  0.0     0.182   1.173  -0.556   0.163
     165.50        4.44  5777.  0.0     0.051   1.388  -0.767   0.246
     166.50        4.44  5777.  0.0     0.203   1.114  -0.494   0.136
     167.20        4.44  5777.  0.0     0.079   1.338  -0.715   0.221
     167.70        4.44  5777.  0.0     0.190   1.490  -1.139   0.433
     168.50        4.44  5777.  0.0     0.245   1.347  -0.960   0.346
     169.50        4.44  5777.  0.0     0.278   1.377  -1.052   0.378
     170.50        4.44  5777.  0.0     0.242   1.417  -1.094   0.415
     171.50        4.44  5777.  0.0     0.147   1.700  -1.622   0.745
     172.50        4.44  5777.  0.0     0.202   1.590  -1.482   0.665
     173.50        4.44  5777.  0.0     0.122   1.935  -2.134   1.045
     174.50        4.44  5777.  0.0     0.111   2.027  -2.356   1.188
     175.50        4.44  5777.  0.0    -0.054   2.713  -3.619   1.918
     176.50        4.44  5777.  0.0     0.212   1.864  -2.221   1.117
     177.50        4.44  5777.  0.0     0.011   2.489  -3.261   1.723
     178.50        4.44  5777.  0.0    -0.023   2.643  -3.541   1.882
     179.50        4.44  5777.  0.0    -0.316   3.727  -5.473   3.002
     180.50        4.44  5777.  0.0    -0.079   2.915  -4.075   2.196
     181.50        4.44  5777.  0.0     0.187   1.986  -2.529   1.327
     182.50        4.44  5777.  0.0     0.105   2.333  -3.216   1.742
     183.50        4.44  5777.  0.0     0.175   2.104  -2.817   1.506
     184.50        4.44  5777.  0.0     0.421   1.263  -1.300   0.600
     185.50        4.44  5777.  0.0     0.043   2.609  -3.678   1.986
     186.50        4.44  5777.  0.0    -0.118   3.152  -4.669   2.585
     187.50        4.44  5777.  0.0    -0.054   2.960  -4.390   2.437
     188.50        4.44  5777.  0.0    -0.069   3.028  -4.548   2.539
     189.50        4.44  5777.  0.0    -0.127   3.260  -4.987   2.801
     190.50        4.44  5777.  0.0    -0.047   2.981  -4.531   2.548
     191.50        4.44  5777.  0.0    -0.023   2.921  -4.393   2.450
     192.50        4.44  5777.  0.0     0.296   1.871  -2.635   1.441
     193.50        4.44  5777.  0.0     0.578   0.956  -0.979   0.430
     194.50        4.44  5777.  0.0     0.123   2.491  -3.801   2.147
     195.50        4.44  5777.  0.0     0.128   2.468  -3.749   2.113
     196.70        4.44  5777.  0.0     0.005   2.905  -4.591   2.633
     197.60        4.44  5777.  0.0     0.276   2.028  -3.113   1.776
     198.40        4.44  5777.  0.0    -0.032   3.063  -4.958   2.875
     199.50        4.44  5777.  0.0    -0.190   3.588  -5.846   3.387
     200.50        4.44  5777.  0.0    -0.059   3.182  -5.215   3.037
     201.50        4.44  5777.  0.0    -0.051   3.133  -5.108   2.972
     202.50        4.44  5777.  0.0     0.284   2.062  -3.280   1.897
     203.50        4.44  5777.  0.0    -0.024   3.070  -5.039   2.939
     204.50        4.44  5777.  0.0    -0.080   3.256  -5.386   3.154
     205.50        4.44  5777.  0.0     0.059   2.801  -4.632   2.724
     206.50        4.44  5777.  0.0     0.104   2.646  -4.383   2.586
     207.40        4.44  5777.  0.0     0.155   2.530  -4.180   2.449
     207.80        4.44  5777.  0.0    -0.332   2.588  -5.229   3.924
     208.50        4.44  5777.  0.0    -0.321   2.390  -5.001   3.886
     209.50        4.44  5777.  0.0    -0.273   2.232  -4.723   3.720
     210.50        4.44  5777.  0.0    -0.172   1.818  -4.017   3.332
     211.50        4.44  5777.  0.0    -0.154   1.704  -3.847   3.263
     212.50        4.44  5777.  0.0    -0.094   1.506  -3.491   3.048
     213.50        4.44  5777.  0.0    -0.060   1.388  -3.259   2.900
     214.50        4.44  5777.  0.0    -0.042   1.180  -2.975   2.809
     215.50        4.44  5777.  0.0    -0.074   1.390  -3.332   2.986
     216.50        4.44  5777.  0.0    -0.042   1.417  -3.271   2.865
     217.50        4.44  5777.  0.0    -0.114   1.791  -3.909   3.195
     218.50        4.44  5777.  0.0     0.046   0.839  -2.409   2.503
     219.50        4.44  5777.  0.0    -0.007   1.236  -3.048   2.792
     220.50        4.44  5777.  0.0     0.051   0.975  -2.589   2.539
     221.50        4.44  5777.  0.0     0.045   1.278  -2.991   2.639
     222.50        4.44  5777.  0.0     0.110   0.797  -2.236   2.308
     223.50        4.44  5777.  0.0     0.192   0.216  -1.291   1.868
     224.50        4.44  5777.  0.0     0.203   0.212  -1.280   1.851
     225.50        4.44  5777.  0.0     0.192   0.557  -1.764   1.996
     226.50        4.44  5777.  0.0     0.115   1.100  -2.651   2.409
     227.50        4.44  5777.  0.0     0.154   0.968  -2.435   2.283
     228.50        4.44  5777.  0.0     0.277  -0.080  -0.717   1.508
     229.50        4.44  5777.  0.0     0.234   0.365  -1.441   1.823
     230.50        4.44  5777.  0.0     0.298  -0.121  -0.654   1.467
     231.50        4.44  5777.  0.0     0.273   0.293  -1.325   1.744
     232.50        4.44  5777.  0.0     0.314   0.400  -1.407   1.676
     233.50        4.44  5777.  0.0     0.306   0.773  -1.920   1.819
     234.50        4.44  5777.  0.0     0.471   0.822  -1.828   1.511
     235.50        4.44  5777.  0.0     0.289   0.518  -1.605   1.779
     236.50        4.44  5777.  0.0     0.490   0.726  -1.697   1.459
     237.50        4.44  5777.  0.0     0.392   0.742  -1.869   1.712
     238.50        4.44  5777.  0.0     0.640   0.635  -1.382   1.088
     239.50        4.44  5777.  0.0     0.579   0.609  -1.512   1.305
     240.50        4.44  5777.  0.0     0.596   0.618  -1.480   1.246
     241.50        4.44  5777.  0.0     0.509   0.417  -1.338   1.390
     242.50        4.44  5777.  0.0     0.452  -0.320  -0.218   1.073
     243.50        4.44  5777.  0.0     0.493  -0.462   0.058   0.896
     244.50        4.44  5777.  0.0     0.495  -0.656   0.388   0.763
     245.50        4.44  5777.  0.0     0.518  -0.857   0.724   0.607
     246.50        4.44  5777.  0.0     0.479  -0.282  -0.317   1.106
     247.50        4.44  5777.  0.0     0.500  -0.148  -0.559   1.193
     248.50        4.44  5777.  0.0     0.606   0.960  -2.111   1.513
     249.50        4.44  5777.  0.0     0.542   0.275  -1.194   1.350
     250.50        4.44  5777.  0.0     0.487  -0.044  -0.790   1.330
     251.30        4.44  5777.  0.0     1.120  -0.258  -0.230   0.336
     251.80        4.44  5777.  0.0     1.200  -0.322   0.016   0.068
     252.50        4.44  5777.  0.0     1.055  -0.142  -0.343   0.391
     253.50        4.44  5777.  0.0     0.700  -0.602   0.341   0.532
     254.50        4.44  5777.  0.0     0.768  -0.646   0.291   0.557
     255.50        4.44  5777.  0.0     0.499  -1.135   1.961  -0.354
     256.50        4.44  5777.  0.0     0.658  -0.921   1.146   0.095
     257.50        4.44  5777.  0.0     0.561  -1.057   1.715  -0.240
     258.50        4.44  5777.  0.0     0.634  -0.918   1.238   0.030
     259.50        4.44  5777.  0.0     0.682  -0.711   0.798   0.219
     260.50        4.44  5777.  0.0     0.717  -0.257  -0.144   0.669
     261.50        4.44  5777.  0.0     0.791  -0.371   0.038   0.526
     262.50        4.44  5777.  0.0     0.697  -0.541   0.358   0.473
     263.50        4.44  5777.  0.0     0.527  -1.209   2.214  -0.553
     264.50        4.44  5777.  0.0     0.379  -0.985   2.198  -0.625
     265.50        4.44  5777.  0.0     0.172  -0.468   1.911  -0.666
     266.50        4.44  5777.  0.0     0.419  -0.946   2.052  -0.562
     267.50        4.44  5777.  0.0     0.409  -0.989   2.172  -0.625
     268.50        4.44  5777.  0.0     0.303  -0.754   2.086  -0.676
     269.50        4.44  5777.  0.0     0.447  -1.014   2.138  -0.605
     270.50        4.44  5777.  0.0     0.321  -0.667   1.865  -0.563
     271.50        4.44  5777.  0.0     0.519  -1.029   1.983  -0.504
     272.50        4.44  5777.  0.0     0.744  -1.032   1.117   0.151
     273.50        4.44  5777.  0.0     0.652  -1.211   1.845  -0.307
     274.50        4.44  5777.  0.0     0.890  -0.750   0.612   0.222
     275.50        4.44  5777.  0.0     0.752  -1.026   1.398  -0.149
     276.50        4.44  5777.  0.0     0.683  -1.217   1.942  -0.432
     277.50        4.44  5777.  0.0     0.743  -1.240   1.813  -0.340
     278.50        4.44  5777.  0.0     1.164  -1.123   0.982  -0.052
     279.50        4.44  5777.  0.0     1.244  -0.481   0.177   0.030
     280.50        4.44  5777.  0.0     1.276  -0.679   0.386  -0.008
     281.50        4.44  5777.  0.0     0.910  -1.134   1.287  -0.087
     282.50        4.44  5777.  0.0     0.705  -1.423   2.229  -0.531
     283.50        4.44  5777.  0.0     0.754  -1.536   2.237  -0.475
     284.50        4.44  5777.  0.0     0.947  -1.125   0.893   0.254
     285.50        4.44  5777.  0.0     1.302  -0.844   0.143   0.350
     286.50        4.44  5777.  0.0     0.770  -1.490   1.926  -0.227
     287.50        4.44  5777.  0.0     0.570  -1.479   2.801  -0.919
     288.50        4.44  5777.  0.0     0.539  -1.124   2.252  -0.703
     289.50        4.44  5777.  0.0     0.326  -0.622   1.978  -0.730
     291.00        4.44  5777.  0.0     0.188  -0.220   1.625  -0.649
     293.00        4.44  5777.  0.0     0.263  -0.346   1.675  -0.647
     295.00        4.44  5777.  0.0     0.382  -0.718   2.036  -0.746
     297.00        4.44  5777.  0.0     0.380  -0.712   2.019  -0.733
     299.00        4.44  5777.  0.0     0.378  -0.686   2.009  -0.748
     301.00        4.44  5777.  0.0     0.466  -1.011   2.358  -0.851
     303.00        4.44  5777.  0.0     0.381  -0.702   2.072  -0.797
     305.00        4.44  5777.  0.0     0.406  -0.790   2.181  -0.842
     307.00        4.44  5777.  0.0     0.304  -0.365   1.683  -0.676
     309.00        4.44  5777.  0.0     0.371  -0.519   1.742  -0.651
     311.00        4.44  5777.  0.0     0.214   0.014   1.246  -0.541
     313.00        4.44  5777.  0.0     0.366  -0.519   1.804  -0.708
     315.00        4.44  5777.  0.0     0.329  -0.244   1.396  -0.547
     317.00        4.44  5777.  0.0     0.326  -0.259   1.467  -0.600
     319.00        4.44  5777.  0.0     0.409  -0.469   1.626  -0.631
     321.00        4.44  5777.  0.0     0.417  -0.601   1.869  -0.747
     323.00        4.44  5777.  0.0     0.522  -0.760   1.876  -0.697
     325.00        4.44  5777.  0.0     0.296  -0.132   1.401  -0.634
     327.00        4.44  5777.  0.0     0.231   0.059   1.231  -0.593
     329.00        4.44  5777.  0.0     0.274  -0.013   1.244  -0.579
     331.00        4.44  5777.  0.0     0.351  -0.259   1.467  -0.629
     333.00        4.44  5777.  0.0     0.328  -0.165   1.383  -0.618
     335.00        4.44  5777.  0.0     0.404  -0.423   1.668  -0.716
     337.00        4.44  5777.  0.0     0.603  -0.891   1.930  -0.710
     339.00        4.44  5777.  0.0     0.562  -0.886   2.070  -0.811
     341.00        4.44  5777.  0.0     0.565  -0.907   2.117  -0.842
     343.00        4.44  5777.  0.0     0.565  -0.865   2.062  -0.834
     345.00        4.44  5777.  0.0     0.513  -0.726   1.977  -0.837
     347.00        4.44  5777.  0.0     0.496  -0.699   1.999  -0.870
     349.00        4.44  5777.  0.0     0.412  -0.384   1.665  -0.770
     351.00        4.44  5777.  0.0     0.382  -0.269   1.549  -0.740
     353.00        4.44  5777.  0.0     0.436  -0.425   1.711  -0.796
     355.00        4.44  5777.  0.0     0.410  -0.405   1.766  -0.844
     357.00        4.44  5777.  0.0     0.705  -1.272   2.536  -1.031
     359.00        4.44  5777.  0.0     0.638  -0.875   1.982  -0.818
     361.00        4.44  5777.  0.0     0.482  -0.422   1.595  -0.739
     363.00        4.44  5777.  0.0     0.473  -0.340   1.462  -0.684
     364.00        4.44  5777.  0.0     0.474  -0.350   1.468  -0.682
     365.00        4.44  5777.  0.0     0.402  -0.136   1.268  -0.623
     367.00        4.44  5777.  0.0     0.386  -0.071   1.215  -0.621
     369.00        4.44  5777.  0.0     0.469  -0.256   1.329  -0.636
     371.00        4.44  5777.  0.0     0.416  -0.137   1.324  -0.699
     373.00        4.44  5777.  0.0     0.769  -1.278   2.450  -1.030
     375.00        4.44  5777.  0.0     0.690  -1.153   2.417  -1.036
     377.00        4.44  5777.  0.0     0.558  -0.776   2.114  -0.976
     379.00        4.44  5777.  0.0     0.545  -0.798   2.109  -0.931
     381.00        4.44  5777.  0.0     0.635  -1.149   2.460  -1.012
     383.00        4.44  5777.  0.0     1.122  -1.953   2.545  -0.800
     385.00        4.44  5777.  0.0     0.864  -1.819   2.961  -1.059
     387.00        4.44  5777.  0.0     0.820  -1.514   2.422  -0.789
     389.00        4.44  5777.  0.0     0.662  -0.997   2.163  -0.914
     391.00        4.44  5777.  0.0     0.585  -0.805   1.890  -0.755
     393.00        4.44  5777.  0.0     1.175  -1.803   2.275  -0.739
     395.00        4.44  5777.  0.0     0.795  -1.253   2.208  -0.836
     397.00        4.44  5777.  0.0     1.087  -1.682   2.350  -0.850
     399.00        4.44  5777.  0.0     0.475  -0.414   1.529  -0.681
     401.00        4.44  5777.  0.0     0.404  -0.177   1.250  -0.571
     403.00        4.44  5777.  0.0     0.397  -0.171   1.247  -0.569
     405.00        4.44  5777.  0.0     0.442  -0.304   1.381  -0.614
     407.00        4.44  5777.  0.0     0.488  -0.454   1.535  -0.664
     409.00        4.44  5777.  0.0     0.343   0.090   1.004  -0.540
     411.00        4.44  5777.  0.0     0.349   0.191   0.896  -0.547
     413.00        4.44  5777.  0.0     0.412  -0.207   1.329  -0.631
     415.00        4.44  5777.  0.0     0.425  -0.279   1.415  -0.656
     417.00        4.44  5777.  0.0     0.420  -0.229   1.333  -0.621
     419.00        4.44  5777.  0.0     0.472  -0.377   1.446  -0.640
     421.00        4.44  5777.  0.0     0.450  -0.256   1.286  -0.584
     423.00        4.44  5777.  0.0     0.476  -0.283   1.255  -0.559
     425.00        4.44  5777.  0.0     0.498  -0.389   1.373  -0.593
     427.00        4.44  5777.  0.0     0.584  -0.638   1.592  -0.652
     429.00        4.44  5777.  0.0     0.616  -0.683   1.581  -0.630
     431.00        4.44  5777.  0.0     0.753  -0.921   1.611  -0.570
     433.00        4.44  5777.  0.0     0.490  -0.282   1.305  -0.633
     435.00        4.44  5777.  0.0     0.562  -0.499   1.572  -0.759
     437.00        4.44  5777.  0.0     0.486  -0.348   1.367  -0.622
     439.00        4.44  5777.  0.0     0.571  -0.576   1.538  -0.652
     441.00        4.44  5777.  0.0     0.516  -0.423   1.439  -0.650
     443.00        4.44  5777.  0.0     0.439  -0.099   1.068  -0.529
     445.00        4.44  5777.  0.0     0.427  -0.029   0.963  -0.484
     447.00        4.44  5777.  0.0     0.393   0.101   0.825  -0.442
     449.00        4.44  5777.  0.0     0.387   0.150   0.748  -0.411
     451.00        4.44  5777.  0.0     0.325   0.359   0.531  -0.343
     453.00        4.44  5777.  0.0     0.381   0.204   0.660  -0.375
     455.00        4.44  5777.  0.0     0.375   0.218   0.657  -0.380
     457.00        4.44  5777.  0.0     0.343   0.328   0.541  -0.343
     459.00        4.44  5777.  0.0     0.384   0.227   0.618  -0.363
     461.00        4.44  5777.  0.0     0.368   0.265   0.588  -0.356
     463.00        4.44  5777.  0.0     0.395   0.168   0.703  -0.403
     465.00        4.44  5777.  0.0     0.384   0.217   0.641  -0.378
     467.00        4.44  5777.  0.0     0.374   0.243   0.618  -0.373
     469.00        4.44  5777.  0.0     0.397   0.187   0.672  -0.395
     471.00        4.44  5777.  0.0     0.424   0.128   0.713  -0.408
     473.00        4.44  5777.  0.0     0.392   0.213   0.629  -0.376
     475.00        4.44  5777.  0.0     0.383   0.261   0.565  -0.354
     477.00        4.44  5777.  0.0     0.378   0.292   0.521  -0.338
     479.00        4.44  5777.  0.0     0.388   0.256   0.560  -0.352
     481.00        4.44  5777.  0.0     0.413   0.175   0.647  -0.383
     483.00        4.44  5777.  0.0     0.395   0.234   0.598  -0.378
     485.00        4.44  5777.  0.0     0.444   0.160   0.674  -0.436
     487.00        4.44  5777.  0.0     0.537   0.018   0.719  -0.447
     489.00        4.44  5777.  0.0     0.441   0.129   0.673  -0.400
     491.00        4.44  5777.  0.0     0.443   0.122   0.667  -0.390
     493.00        4.44  5777.  0.0     0.462   0.060   0.728  -0.409
     495.00        4.44  5777.  0.0     0.418   0.217   0.548  -0.345
     497.00        4.44  5777.  0.0     0.435   0.147   0.641  -0.382
     499.00        4.44  5777.  0.0     0.474   0.046   0.721  -0.403
     501.00        4.44  5777.  0.0     0.499  -0.027   0.781  -0.418
     503.00        4.44  5777.  0.0     0.478   0.034   0.733  -0.409
     505.00        4.44  5777.  0.0     0.463   0.075   0.695  -0.399
     507.00        4.44  5777.  0.0     0.444   0.133   0.642  -0.385
     509.00        4.44  5777.  0.0     0.475   0.025   0.760  -0.426
     511.00        4.44  5777.  0.0     0.467   0.042   0.751  -0.427
     513.00        4.44  5777.  0.0     0.492  -0.034   0.827  -0.453
     515.00        4.44  5777.  0.0     0.513  -0.091   0.868  -0.461
     517.00        4.44  5777.  0.0     0.610  -0.434   1.219  -0.576
     519.00        4.44  5777.  0.0     0.602  -0.369   1.109  -0.527
     521.00        4.44  5777.  0.0     0.502  -0.026   0.775  -0.427
     523.00        4.44  5777.  0.0     0.513  -0.054   0.794  -0.431
     525.00        4.44  5777.  0.0     0.497   0.027   0.698  -0.397
     527.00        4.44  5777.  0.0     0.585  -0.261   0.972  -0.481
     529.00        4.44  5777.  0.0     0.506   0.001   0.715  -0.403
     531.00        4.44  5777.  0.0     0.478   0.106   0.594  -0.360
     533.00        4.44  5777.  0.0     0.559  -0.174   0.884  -0.455
     535.00        4.44  5777.  0.0     0.502   0.025   0.678  -0.390
     537.00        4.44  5777.  0.0     0.506   0.012   0.690  -0.395
     539.00        4.44  5777.  0.0     0.520  -0.041   0.750  -0.417
     541.00        4.44  5777.  0.0     0.544  -0.102   0.789  -0.423
     543.00        4.44  5777.  0.0     0.524  -0.045   0.747  -0.415
     545.00        4.44  5777.  0.0     0.494   0.054   0.638  -0.378
     547.00        4.44  5777.  0.0     0.526  -0.041   0.734  -0.412
     549.00        4.44  5777.  0.0     0.531  -0.064   0.759  -0.420
     551.00        4.44  5777.  0.0     0.529  -0.053   0.741  -0.410
     553.00        4.44  5777.  0.0     0.529  -0.039   0.716  -0.402
     555.00        4.44  5777.  0.0     0.522  -0.017   0.695  -0.397
     557.00        4.44  5777.  0.0     0.534  -0.045   0.709  -0.399
     559.00        4.44  5777.  0.0     0.557  -0.125   0.795  -0.429
     561.00        4.44  5777.  0.0     0.516   0.029   0.614  -0.361
     563.00        4.44  5777.  0.0     0.534  -0.047   0.709  -0.398
     565.00        4.44  5777.  0.0     0.536  -0.048   0.703  -0.395
     567.00        4.44  5777.  0.0     0.555  -0.103   0.753  -0.410
     569.00        4.44  5777.  0.0     0.539  -0.042   0.680  -0.383
     571.00        4.44  5777.  0.0     0.550  -0.074   0.711  -0.395
     573.00        4.44  5777.  0.0     0.503   0.084   0.541  -0.335
     575.00        4.44  5777.  0.0     0.541  -0.049   0.689  -0.390
     577.00        4.44  5777.  0.0     0.527   0.000   0.630  -0.367
     579.00        4.44  5777.  0.0     0.556  -0.101   0.741  -0.407
     581.00        4.44  5777.  0.0     0.532  -0.009   0.632  -0.367
     583.00        4.44  5777.  0.0     0.513   0.056   0.552  -0.336
     585.00        4.44  5777.  0.0     0.539  -0.023   0.637  -0.369
     587.00        4.44  5777.  0.0     0.532  -0.002   0.615  -0.362
     589.00        4.44  5777.  0.0     0.587  -0.199   0.823  -0.433
     591.00        4.44  5777.  0.0     0.544  -0.046   0.663  -0.381
     593.00        4.44  5777.  0.0     0.546  -0.044   0.652  -0.375
     595.00        4.44  5777.  0.0     0.545  -0.039   0.644  -0.371
     597.00        4.44  5777.  0.0     0.541  -0.021   0.620  -0.363
     599.00        4.44  5777.  0.0     0.554  -0.066   0.668  -0.381
     601.00        4.44  5777.  0.0     0.563  -0.093   0.694  -0.390
     603.00        4.44  5777.  0.0     0.555  -0.058   0.642  -0.368
     605.00        4.44  5777.  0.0     0.541  -0.017   0.605  -0.357
     607.00        4.44  5777.  0.0     0.544  -0.023   0.602  -0.352
     609.00        4.44  5777.  0.0     0.570  -0.121   0.713  -0.392
     611.00        4.44  5777.  0.0     0.578  -0.139   0.726  -0.398
     613.00        4.44  5777.  0.0     0.605  -0.227   0.819  -0.432
     615.00        4.44  5777.  0.0     0.600  -0.197   0.774  -0.412
     617.00        4.44  5777.  0.0     0.616  -0.252   0.825  -0.429
     619.00        4.44  5777.  0.0     0.573  -0.116   0.689  -0.383
     621.00        4.44  5777.  0.0     0.566  -0.090   0.653  -0.368
     623.00        4.44  5777.  0.0     0.596  -0.189   0.761  -0.407
     625.00        4.44  5777.  0.0     0.624  -0.263   0.827  -0.429
     627.00        4.44  5777.  0.0     0.585  -0.148   0.711  -0.389
     629.00        4.44  5777.  0.0     0.579  -0.124   0.681  -0.377
     631.00        4.44  5777.  0.0     0.602  -0.199   0.760  -0.407
     633.00        4.44  5777.  0.0     0.597  -0.190   0.754  -0.406
     635.00        4.44  5777.  0.0     0.602  -0.210   0.781  -0.420
     637.00        4.44  5777.  0.0     0.610  -0.238   0.809  -0.429
     639.00        4.44  5777.  0.0     0.594  -0.171   0.727  -0.398
     641.00        4.44  5777.  0.0     0.611  -0.221   0.769  -0.410
     643.00        4.44  5777.  0.0     0.601  -0.192   0.745  -0.404
     645.00        4.44  5777.  0.0     0.614  -0.238   0.793  -0.422
     647.00        4.44  5777.  0.0     0.609  -0.215   0.753  -0.403
     649.00        4.44  5777.  0.0     0.629  -0.270   0.816  -0.430
     651.00        4.44  5777.  0.0     0.610  -0.211   0.759  -0.415
     653.00        4.44  5777.  0.0     0.612  -0.205   0.747  -0.414
     655.00        4.44  5777.  0.0     0.654  -0.202   0.657  -0.384
     657.00        4.44  5777.  0.0     0.806  -0.445   0.658  -0.332
     659.00        4.44  5777.  0.0     0.625  -0.212   0.729  -0.409
     661.00        4.44  5777.  0.0     0.616  -0.226   0.768  -0.419
     663.00        4.44  5777.  0.0     0.618  -0.248   0.789  -0.422
     665.00        4.44  5777.  0.0     0.618  -0.244   0.778  -0.416
     667.00        4.44  5777.  0.0     0.626  -0.275   0.817  -0.432
     669.00        4.44  5777.  0.0     0.608  -0.217   0.741  -0.399
     671.00        4.44  5777.  0.0     0.629  -0.286   0.811  -0.421
     673.00        4.44  5777.  0.0     0.615  -0.237   0.755  -0.401
     675.00        4.44  5777.  0.0     0.625  -0.265   0.780  -0.410
     677.00        4.44  5777.  0.0     0.619  -0.252   0.768  -0.406
     679.00        4.44  5777.  0.0     0.629  -0.287   0.807  -0.420
     681.00        4.44  5777.  0.0     0.629  -0.282   0.791  -0.411
     683.00        4.44  5777.  0.0     0.616  -0.238   0.739  -0.392
     685.00        4.44  5777.  0.0     0.642  -0.325   0.836  -0.427
     687.00        4.44  5777.  0.0     0.620  -0.251   0.744  -0.390
     689.00        4.44  5777.  0.0     0.626  -0.277   0.781  -0.407
     691.00        4.44  5777.  0.0     0.630  -0.289   0.792  -0.411
     693.00        4.44  5777.  0.0     0.639  -0.319   0.832  -0.430
     695.00        4.44  5777.  0.0     0.637  -0.301   0.796  -0.410
     697.00        4.44  5777.  0.0     0.633  -0.298   0.797  -0.414
     699.00        4.44  5777.  0.0     0.639  -0.309   0.804  -0.415
     701.00        4.44  5777.  0.0     0.666  -0.405   0.902  -0.447
     703.00        4.44  5777.  0.0     0.648  -0.343   0.835  -0.424
     705.00        4.44  5777.  0.0     0.635  -0.299   0.782  -0.403
     707.00        4.44  5777.  0.0     0.649  -0.350   0.843  -0.428
     709.00        4.44  5777.  0.0     0.650  -0.349   0.834  -0.423
     711.00        4.44  5777.  0.0     0.651  -0.342   0.829  -0.425
     713.00        4.44  5777.  0.0     0.658  -0.372   0.859  -0.434
     715.00        4.44  5777.  0.0     0.659  -0.375   0.856  -0.430
     717.00        4.44  5777.  0.0     0.666  -0.402   0.889  -0.446
     719.00        4.44  5777.  0.0     0.685  -0.460   0.937  -0.456
     721.00        4.44  5777.  0.0     0.662  -0.383   0.858  -0.430
     723.00        4.44  5777.  0.0     0.662  -0.389   0.861  -0.430
     725.00        4.44  5777.  0.0     0.660  -0.381   0.861  -0.436
     727.00        4.44  5777.  0.0     0.658  -0.374   0.849  -0.429
     729.00        4.44  5777.  0.0     0.687  -0.463   0.930  -0.452
     731.00        4.44  5777.  0.0     0.669  -0.406   0.879  -0.439
     733.00        4.44  5777.  0.0     0.662  -0.385   0.849  -0.426
     735.00        4.44  5777.  0.0     0.665  -0.399   0.872  -0.437
     737.00        4.44  5777.  0.0     0.661  -0.393   0.869  -0.438
     739.00        4.44  5777.  0.0     0.677  -0.439   0.897  -0.440
     741.00        4.44  5777.  0.0     0.700  -0.499   0.947  -0.457
     743.00        4.44  5777.  0.0     0.681  -0.454   0.922  -0.456
     745.00        4.44  5777.  0.0     0.675  -0.431   0.890  -0.440
     747.00        4.44  5777.  0.0     0.661  -0.383   0.836  -0.421
     749.00        4.44  5777.  0.0     0.673  -0.425   0.886  -0.442
     751.00        4.44  5777.  0.0     0.664  -0.398   0.849  -0.424
     753.00        4.44  5777.  0.0     0.659  -0.375   0.816  -0.410
     755.00        4.44  5777.  0.0     0.657  -0.380   0.832  -0.420
     757.00        4.44  5777.  0.0     0.659  -0.379   0.818  -0.411
     759.00        4.44  5777.  0.0     0.662  -0.394   0.841  -0.422
     761.00        4.44  5777.  0.0     0.664  -0.402   0.844  -0.421
     763.00        4.44  5777.  0.0     0.660  -0.383   0.819  -0.412
     765.00        4.44  5777.  0.0     0.655  -0.368   0.800  -0.404
     767.00        4.44  5777.  0.0     0.680  -0.448   0.878  -0.430
     769.00        4.44  5777.  0.0     0.664  -0.399   0.833  -0.417
     771.00        4.44  5777.  0.0     0.672  -0.422   0.856  -0.425
     773.00        4.44  5777.  0.0     0.668  -0.411   0.838  -0.415
     775.00        4.44  5777.  0.0     0.675  -0.436   0.863  -0.425
     777.00        4.44  5777.  0.0     0.657  -0.359   0.760  -0.382
     779.00        4.44  5777.  0.0     0.653  -0.360   0.776  -0.392
     781.00        4.44  5777.  0.0     0.660  -0.394   0.818  -0.409
     783.00        4.44  5777.  0.0     0.660  -0.389   0.801  -0.399
     785.00        4.44  5777.  0.0     0.676  -0.443   0.870  -0.430
     787.00        4.44  5777.  0.0     0.660  -0.391   0.811  -0.406
     789.00        4.44  5777.  0.0     0.666  -0.404   0.826  -0.412
     791.00        4.44  5777.  0.0     0.688  -0.477   0.909  -0.446
     793.00        4.44  5777.  0.0     0.694  -0.491   0.908  -0.440
     795.00        4.44  5777.  0.0     0.698  -0.509   0.937  -0.453
     797.00        4.44  5777.  0.0     0.675  -0.442   0.864  -0.426
     799.00        4.44  5777.  0.0     0.667  -0.409   0.824  -0.411
     801.00        4.44  5777.  0.0     0.678  -0.451   0.868  -0.427
     803.00        4.44  5777.  0.0     0.683  -0.464   0.877  -0.428
     805.00        4.44  5777.  0.0     0.687  -0.478   0.895  -0.437
     807.00        4.44  5777.  0.0     0.681  -0.461   0.881  -0.433
     809.00        4.44  5777.  0.0     0.692  -0.490   0.896  -0.432
     811.00        4.44  5777.  0.0     0.685  -0.474   0.895  -0.438
     813.00        4.44  5777.  0.0     0.681  -0.462   0.886  -0.437
     815.00        4.44  5777.  0.0     0.680  -0.462   0.879  -0.432
     817.00        4.44  5777.  0.0     0.682  -0.466   0.879  -0.430
     819.00        4.44  5777.  0.0     0.699  -0.515   0.909  -0.436
     821.00        4.44  5777.  0.0     0.704  -0.540   0.954  -0.459
     823.00        4.44  5777.  0.0     0.702  -0.531   0.942  -0.455
     825.00        4.44  5777.  0.0     0.687  -0.481   0.885  -0.433
     827.00        4.44  5777.  0.0     0.677  -0.459   0.870  -0.429
     829.00        4.44  5777.  0.0     0.684  -0.479   0.889  -0.436
     831.00        4.44  5777.  0.0     0.707  -0.558   0.976  -0.468
     833.00        4.44  5777.  0.0     0.694  -0.509   0.911  -0.442
     835.00        4.44  5777.  0.0     0.703  -0.545   0.961  -0.463
     837.00        4.44  5777.  0.0     0.689  -0.497   0.904  -0.441
     839.00        4.44  5777.  0.0     0.704  -0.552   0.965  -0.464
     841.00        4.44  5777.  0.0     0.683  -0.475   0.871  -0.426
     843.00        4.44  5777.  0.0     0.700  -0.526   0.918  -0.442
     845.00        4.44  5777.  0.0     0.688  -0.488   0.878  -0.430
     847.00        4.44  5777.  0.0     0.687  -0.488   0.872  -0.424
     849.00        4.44  5777.  0.0     0.692  -0.499   0.889  -0.436
     851.00        4.44  5777.  0.0     0.709  -0.536   0.895  -0.427
     853.00        4.44  5777.  0.0     0.684  -0.487   0.886  -0.436
     855.00        4.44  5777.  0.0     0.721  -0.559   0.909  -0.433
     857.00        4.44  5777.  0.0     0.672  -0.458   0.857  -0.426
     859.00        4.44  5777.  0.0     0.693  -0.506   0.883  -0.430
     861.00        4.44  5777.  0.0     0.688  -0.487   0.856  -0.418
     863.00        4.44  5777.  0.0     0.676  -0.473   0.864  -0.424
     865.00        4.44  5777.  0.0     0.674  -0.463   0.855  -0.426
     867.00        4.44  5777.  0.0     0.725  -0.565   0.894  -0.426
     869.00        4.44  5777.  0.0     0.699  -0.551   0.938  -0.449
     871.00        4.44  5777.  0.0     0.683  -0.503   0.884  -0.426
     873.00        4.44  5777.  0.0     0.683  -0.502   0.889  -0.434
     875.00        4.44  5777.  0.0     0.697  -0.482   0.814  -0.402
     877.00        4.44  5777.  0.0     0.672  -0.456   0.834  -0.415
     879.00        4.44  5777.  0.0     0.682  -0.505   0.886  -0.428
     881.00        4.44  5777.  0.0     0.694  -0.547   0.917  -0.433
     883.00        4.44  5777.  0.0     0.676  -0.477   0.846  -0.411
     885.00        4.44  5777.  0.0     0.675  -0.457   0.827  -0.415
     887.00        4.44  5777.  0.0     0.702  -0.487   0.799  -0.394
     889.00        4.44  5777.  0.0     0.676  -0.483   0.861  -0.421
     891.00        4.44  5777.  0.0     0.656  -0.412   0.760  -0.374
     893.00        4.44  5777.  0.0     0.681  -0.498   0.851  -0.405
     895.00        4.44  5777.  0.0     0.669  -0.459   0.807  -0.387
     897.00        4.44  5777.  0.0     0.665  -0.451   0.803  -0.388
     899.00        4.44  5777.  0.0     0.674  -0.486   0.864  -0.423
     901.00        4.44  5777.  0.0     0.716  -0.539   0.848  -0.413
     903.00        4.44  5777.  0.0     0.675  -0.455   0.810  -0.408
     905.00        4.44  5777.  0.0     0.651  -0.402   0.749  -0.371
     907.00        4.44  5777.  0.0     0.672  -0.466   0.806  -0.389
     909.00        4.44  5777.  0.0     0.691  -0.516   0.840  -0.397
     911.00        4.44  5777.  0.0     0.675  -0.488   0.824  -0.390
     913.00        4.44  5777.  0.0     0.649  -0.391   0.711  -0.345
     915.00        4.44  5777.  0.0     0.655  -0.423   0.759  -0.368
     917.00        4.44  5777.  0.0     0.660  -0.442   0.785  -0.381
     919.00        4.44  5777.  0.0     0.644  -0.382   0.713  -0.353
     921.00        4.44  5777.  0.0     0.681  -0.500   0.852  -0.416
     923.00        4.44  5777.  0.0     0.688  -0.403   0.652  -0.340
     925.00        4.44  5777.  0.0     0.686  -0.513   0.865  -0.424
     927.00        4.44  5777.  0.0     0.657  -0.418   0.738  -0.361
     929.00        4.44  5777.  0.0     0.650  -0.407   0.729  -0.354
     931.00        4.44  5777.  0.0     0.651  -0.412   0.744  -0.364
     933.00        4.44  5777.  0.0     0.648  -0.405   0.728  -0.355
     935.00        4.44  5777.  0.0     0.642  -0.379   0.691  -0.338
     937.00        4.44  5777.  0.0     0.652  -0.409   0.726  -0.352
     939.00        4.44  5777.  0.0     0.651  -0.415   0.743  -0.363
     941.00        4.44  5777.  0.0     0.688  -0.528   0.842  -0.396
     943.00        4.44  5777.  0.0     0.650  -0.405   0.715  -0.347
     945.00        4.44  5777.  0.0     0.660  -0.446   0.756  -0.360
     947.00        4.44  5777.  0.0     0.645  -0.398   0.717  -0.352
     949.00        4.44  5777.  0.0     0.635  -0.358   0.665  -0.329
     951.00        4.44  5777.  0.0     0.646  -0.403   0.727  -0.360
     953.00        4.44  5777.  0.0     0.654  -0.421   0.763  -0.388
     955.00        4.44  5777.  0.0     0.680  -0.367   0.584  -0.312
     957.00        4.44  5777.  0.0     0.659  -0.441   0.777  -0.388
     959.00        4.44  5777.  0.0     0.637  -0.368   0.678  -0.338
     961.00        4.44  5777.  0.0     0.646  -0.400   0.706  -0.345
     963.00        4.44  5777.  0.0     0.654  -0.422   0.723  -0.350
     965.00        4.44  5777.  0.0     0.661  -0.446   0.758  -0.366
     967.00        4.44  5777.  0.0     0.654  -0.421   0.717  -0.345
     969.00        4.44  5777.  0.0     0.646  -0.398   0.704  -0.347
     971.00        4.44  5777.  0.0     0.645  -0.403   0.711  -0.347
     973.00        4.44  5777.  0.0     0.638  -0.379   0.679  -0.333
     975.00        4.44  5777.  0.0     0.649  -0.410   0.707  -0.343
     977.00        4.44  5777.  0.0     0.650  -0.419   0.725  -0.352
     979.00        4.44  5777.  0.0     0.653  -0.434   0.745  -0.360
     981.00        4.44  5777.  0.0     0.633  -0.359   0.643  -0.316
     983.00        4.44  5777.  0.0     0.637  -0.384   0.687  -0.339
     985.00        4.44  5777.  0.0     0.627  -0.341   0.622  -0.308
     987.00        4.44  5777.  0.0     0.636  -0.371   0.658  -0.324
     989.00        4.44  5777.  0.0     0.640  -0.383   0.671  -0.330
     991.00        4.44  5777.  0.0     0.639  -0.382   0.670  -0.328
     993.00        4.44  5777.  0.0     0.632  -0.362   0.656  -0.327
     995.00        4.44  5777.  0.0     0.625  -0.334   0.614  -0.306
     997.00        4.44  5777.  0.0     0.625  -0.336   0.619  -0.310
     999.00        4.44  5777.  0.0     0.631  -0.360   0.649  -0.323
    1002.50        4.44  5777.  0.0     0.638  -0.360   0.654  -0.339
    1007.50        4.44  5777.  0.0     0.650  -0.375   0.641  -0.330
    1012.50        4.44  5777.  0.0     0.629  -0.346   0.620  -0.310
    1017.50        4.44  5777.  0.0     0.634  -0.369   0.645  -0.318
    1022.50        4.44  5777.  0.0     0.628  -0.355   0.630  -0.312
    1027.50        4.44  5777.  0.0     0.617  -0.319   0.592  -0.300
    1032.50        4.44  5777.  0.0     0.627  -0.346   0.613  -0.304
    1037.50        4.44  5777.  0.0     0.626  -0.345   0.612  -0.305
    1042.50        4.44  5777.  0.0     0.615  -0.309   0.568  -0.287
    1047.50        4.44  5777.  0.0     0.621  -0.323   0.573  -0.287
    1052.50        4.44  5777.  0.0     0.606  -0.276   0.517  -0.264
    1057.50        4.44  5777.  0.0     0.611  -0.292   0.536  -0.273
    1062.50        4.44  5777.  0.0     0.610  -0.285   0.518  -0.262
    1067.50        4.44  5777.  0.0     0.625  -0.332   0.562  -0.281
    1072.50        4.44  5777.  0.0     0.617  -0.315   0.556  -0.281
    1077.50        4.44  5777.  0.0     0.616  -0.309   0.540  -0.270
    1082.50        4.44  5777.  0.0     0.620  -0.329   0.560  -0.278
    1087.50        4.44  5777.  0.0     0.618  -0.319   0.551  -0.277
    1092.50        4.44  5777.  0.0     0.625  -0.258   0.437  -0.246
    1097.50        4.44  5777.  0.0     0.620  -0.319   0.560  -0.293
    1102.50        4.44  5777.  0.0     0.597  -0.249   0.471  -0.247
    1107.50        4.44  5777.  0.0     0.587  -0.217   0.435  -0.232
    1112.50        4.44  5777.  0.0     0.591  -0.229   0.446  -0.238
    1117.50        4.44  5777.  0.0     0.601  -0.262   0.483  -0.253
    1122.50        4.44  5777.  0.0     0.590  -0.227   0.446  -0.239
    1127.50        4.44  5777.  0.0     0.593  -0.229   0.426  -0.225
    1132.50        4.44  5777.  0.0     0.590  -0.219   0.418  -0.225
    1137.50        4.44  5777.  0.0     0.589  -0.218   0.421  -0.226
    1142.50        4.44  5777.  0.0     0.591  -0.225   0.423  -0.226
    1147.50        4.44  5777.  0.0     0.570  -0.148   0.331  -0.188
    1152.50        4.44  5777.  0.0     0.564  -0.129   0.309  -0.180
    1157.50        4.44  5777.  0.0     0.576  -0.174   0.365  -0.205
    1162.50        4.44  5777.  0.0     0.571  -0.143   0.309  -0.178
    1167.50        4.44  5777.  0.0     0.577  -0.160   0.330  -0.189
    1172.50        4.44  5777.  0.0     0.557  -0.093   0.255  -0.158
    1177.50        4.44  5777.  0.0     0.572  -0.134   0.283  -0.166
    1182.50        4.44  5777.  0.0     0.574  -0.151   0.308  -0.176
    1187.50        4.44  5777.  0.0     0.570  -0.132   0.285  -0.168
    1192.50        4.44  5777.  0.0     0.543  -0.040   0.184  -0.129
    1197.50        4.44  5777.  0.0     0.576  -0.163   0.322  -0.184
    1202.50        4.44  5777.  0.0     0.553  -0.071   0.208  -0.136
    1207.50        4.44  5777.  0.0     0.559  -0.091   0.232  -0.147
    1212.50        4.44  5777.  0.0     0.548  -0.051   0.188  -0.131
    1217.50        4.44  5777.  0.0     0.536   0.002   0.122  -0.105
    1222.50        4.44  5777.  0.0     0.535   0.007   0.115  -0.103
    1227.50        4.44  5777.  0.0     0.533   0.015   0.097  -0.093
    1232.50        4.44  5777.  0.0     0.531   0.026   0.082  -0.086
    1237.50        4.44  5777.  0.0     0.526   0.046   0.050  -0.071
    1242.50        4.44  5777.  0.0     0.533   0.024   0.080  -0.085
    1247.50        4.44  5777.  0.0     0.524   0.064   0.029  -0.065
    1252.50        4.44  5777.  0.0     0.531   0.038   0.061  -0.079
    1257.50        4.44  5777.  0.0     0.518   0.097  -0.029  -0.037
    1262.50        4.44  5777.  0.0     0.520   0.094  -0.028  -0.038
    1267.50        4.44  5777.  0.0     0.523   0.078  -0.004  -0.048
    1272.50        4.44  5777.  0.0     0.514   0.115  -0.044  -0.037
    1277.50        4.44  5777.  0.0     0.513   0.143  -0.075  -0.035
    1282.50        4.44  5777.  0.0     0.574   0.046  -0.079  -0.023
    1287.50        4.44  5777.  0.0     0.525   0.096  -0.021  -0.055
    1292.50        4.44  5777.  0.0     0.516   0.124  -0.067  -0.026
    1297.50        4.44  5777.  0.0     0.506   0.171  -0.132   0.002
    1302.50        4.44  5777.  0.0     0.508   0.155  -0.115  -0.002
    1307.50        4.44  5777.  0.0     0.502   0.194  -0.174   0.023
    1312.50        4.44  5777.  0.0     0.516   0.138  -0.105  -0.006
    1317.50        4.44  5777.  0.0     0.511   0.169  -0.157   0.020
    1322.50        4.44  5777.  0.0     0.498   0.223  -0.214   0.039
    1327.50        4.44  5777.  0.0     0.505   0.198  -0.196   0.036
    1332.50        4.44  5777.  0.0     0.503   0.218  -0.223   0.045
    1337.50        4.44  5777.  0.0     0.505   0.218  -0.228   0.049
    1342.50        4.44  5777.  0.0     0.495   0.265  -0.293   0.077
    1347.50        4.44  5777.  0.0     0.495   0.269  -0.302   0.081
    1352.50        4.44  5777.  0.0     0.499   0.267  -0.305   0.082
    1357.50        4.44  5777.  0.0     0.508   0.225  -0.255   0.062
    1362.50        4.44  5777.  0.0     0.498   0.276  -0.323   0.092
    1367.50        4.44  5777.  0.0     0.498   0.281  -0.340   0.101
    1372.50        4.44  5777.  0.0     0.501   0.296  -0.374   0.117
    1377.50        4.44  5777.  0.0     0.497   0.311  -0.393   0.126
    1382.50        4.44  5777.  0.0     0.498   0.319  -0.407   0.131
    1387.50        4.44  5777.  0.0     0.495   0.338  -0.437   0.146
    1392.50        4.44  5777.  0.0     0.498   0.341  -0.449   0.150
    1397.50        4.44  5777.  0.0     0.497   0.352  -0.468   0.159
    1402.50        4.44  5777.  0.0     0.506   0.317  -0.430   0.146
    1407.50        4.44  5777.  0.0     0.495   0.375  -0.509   0.179
    1412.50        4.44  5777.  0.0     0.500   0.351  -0.480   0.167
    1417.50        4.44  5777.  0.0     0.497   0.397  -0.553   0.200
    1422.50        4.44  5777.  0.0     0.504   0.363  -0.522   0.192
    1427.50        4.44  5777.  0.0     0.512   0.328  -0.479   0.174
    1432.50        4.44  5777.  0.0     0.506   0.387  -0.559   0.205
    1437.50        4.44  5777.  0.0     0.497   0.439  -0.637   0.242
    1442.50        4.44  5777.  0.0     0.539   0.262  -0.425   0.155
    1447.50        4.44  5777.  0.0     0.512   0.399  -0.597   0.226
    1452.50        4.44  5777.  0.0     0.540   0.300  -0.485   0.180
    1457.00        4.44  5777.  0.0     0.523   0.380  -0.592   0.227
    1462.00        4.44  5777.  0.0     0.531   0.364  -0.575   0.219
    1467.50        4.44  5777.  0.0     0.535   0.367  -0.587   0.225
    1472.50        4.44  5777.  0.0     0.546   0.316  -0.527   0.202
    1477.50        4.44  5777.  0.0     0.550   0.313  -0.530   0.203
    1482.50        4.44  5777.  0.0     0.549   0.332  -0.562   0.219
    1487.50        4.44  5777.  0.0     0.554   0.285  -0.502   0.195
    1492.50        4.44  5777.  0.0     0.563   0.338  -0.596   0.237
    1497.50        4.44  5777.  0.0     0.568   0.313  -0.574   0.231
    1502.50        4.44  5777.  0.0     0.565   0.235  -0.448   0.175
    1507.50        4.44  5777.  0.0     0.583   0.233  -0.476   0.192
    1512.50        4.44  5777.  0.0     0.581   0.299  -0.579   0.238
    1517.50        4.44  5777.  0.0     0.589   0.298  -0.596   0.249
    1522.50        4.44  5777.  0.0     0.596   0.270  -0.572   0.242
    1527.50        4.44  5777.  0.0     0.603   0.279  -0.597   0.254
    1532.50        4.44  5777.  0.0     0.607   0.272  -0.600   0.259
    1537.50        4.44  5777.  0.0     0.616   0.264  -0.607   0.264
    1542.50        4.44  5777.  0.0     0.630   0.228  -0.572   0.252
    1547.50        4.44  5777.  0.0     0.634   0.225  -0.572   0.252
    1552.50        4.44  5777.  0.0     0.631   0.222  -0.569   0.252
    1557.50        4.44  5777.  0.0     0.642   0.169  -0.499   0.223
    1562.50        4.44  5777.  0.0     0.650   0.223  -0.602   0.269
    1567.50        4.44  5777.  0.0     0.650   0.163  -0.513   0.234
    1572.50        4.44  5777.  0.0     0.678   0.127  -0.512   0.242
    1577.50        4.44  5777.  0.0     0.648   0.117  -0.431   0.193
    1582.50        4.44  5777.  0.0     0.669   0.131  -0.494   0.229
    1587.50        4.44  5777.  0.0     0.682   0.006  -0.333   0.166
    1592.50        4.44  5777.  0.0     0.664   0.121  -0.472   0.218
    1597.50        4.44  5777.  0.0     0.691   0.079  -0.444   0.212
    1605.00        4.44  5777.  0.0     0.702   0.064  -0.456   0.223
    1615.00        4.44  5777.  0.0     0.721   0.005  -0.409   0.211
    1625.00        4.44  5777.  0.0     0.713   0.025  -0.402   0.200
    1635.00        4.44  5777.  0.0     0.727   0.012  -0.434   0.223
    1645.00        4.44  5777.  0.0     0.745  -0.055  -0.367   0.199
    1655.00        4.44  5777.  0.0     0.713   0.021  -0.408   0.206
    1665.00        4.44  5777.  0.0     0.714   0.018  -0.411   0.209
    1675.00        4.44  5777.  0.0     0.719   0.018  -0.441   0.224
    1685.00        4.44  5777.  0.0     0.737  -0.069  -0.346   0.189
    1695.00        4.44  5777.  0.0     0.703   0.044  -0.443   0.222
    1705.00        4.44  5777.  0.0     0.685   0.049  -0.432   0.218
    1715.00        4.44  5777.  0.0     0.684   0.056  -0.448   0.226
    1725.00        4.44  5777.  0.0     0.679   0.041  -0.405   0.199
    1735.00        4.44  5777.  0.0     0.735  -0.109  -0.303   0.169
    1745.00        4.44  5777.  0.0     0.686   0.020  -0.393   0.194
    1755.00        4.44  5777.  0.0     0.665   0.069  -0.438   0.215
    1765.00        4.44  5777.  0.0     0.667   0.054  -0.420   0.207
    1775.00        4.44  5777.  0.0     0.654   0.074  -0.435   0.213
    1785.00        4.44  5777.  0.0     0.661   0.061  -0.423   0.208
    1795.00        4.44  5777.  0.0     0.646   0.096  -0.461   0.224
    1805.00        4.44  5777.  0.0     0.650   0.072  -0.426   0.205
    1815.00        4.44  5777.  0.0     0.707  -0.070  -0.344   0.185
    1825.00        4.44  5777.  0.0     0.656   0.040  -0.389   0.184
    1835.00        4.44  5777.  0.0     0.634   0.081  -0.421   0.201
    1845.00        4.44  5777.  0.0     0.628   0.059  -0.374   0.178
    1855.00        4.44  5777.  0.0     0.631   0.069  -0.401   0.192
    1865.00        4.44  5777.  0.0     0.624   0.055  -0.362   0.168
    1875.00        4.44  5777.  0.0     0.693  -0.131  -0.242   0.135
    1885.00        4.44  5777.  0.0     0.623   0.067  -0.386   0.178
    1895.00        4.44  5777.  0.0     0.612   0.018  -0.289   0.136
    1905.00        4.44  5777.  0.0     0.614   0.078  -0.398   0.189
    1915.00        4.44  5777.  0.0     0.604   0.095  -0.411   0.193
    1925.00        4.44  5777.  0.0     0.603   0.096  -0.416   0.197
    1935.00        4.44  5777.  0.0     0.606   0.056  -0.344   0.157
    1945.00        4.44  5777.  0.0     0.668  -0.102  -0.252   0.134
    1955.00        4.44  5777.  0.0     0.616   0.033  -0.326   0.150
    1965.00        4.44  5777.  0.0     0.589   0.093  -0.397   0.186
    1975.00        4.44  5777.  0.0     0.589   0.069  -0.351   0.163
    1985.00        4.44  5777.  0.0     0.590   0.070  -0.357   0.167
    1995.00        4.44  5777.  0.0     0.579   0.101  -0.397   0.185
    2005.00        4.44  5777.  0.0     0.585   0.088  -0.383   0.178
    2015.00        4.44  5777.  0.0     0.571   0.138  -0.453   0.210
    2025.00        4.44  5777.  0.0     0.570   0.100  -0.386   0.179
    2035.00        4.44  5777.  0.0     0.577   0.054  -0.319   0.148
    2045.00        4.44  5777.  0.0     0.573   0.100  -0.388   0.178
    2055.00        4.44  5777.  0.0     0.569   0.097  -0.382   0.178
    2065.00        4.44  5777.  0.0     0.570   0.071  -0.342   0.158
    2075.00        4.44  5777.  0.0     0.573   0.061  -0.334   0.157
    2085.00        4.44  5777.  0.0     0.564   0.084  -0.353   0.161
    2095.00        4.44  5777.  0.0     0.567   0.043  -0.288   0.130
    2105.00        4.44  5777.  0.0     0.565   0.071  -0.336   0.154
    2115.00        4.44  5777.  0.0     0.559   0.075  -0.336   0.153
    2125.00        4.44  5777.  0.0     0.554   0.083  -0.348   0.159
    2135.00        4.44  5777.  0.0     0.558   0.070  -0.330   0.151
    2145.00        4.44  5777.  0.0     0.551   0.097  -0.364   0.165
    2155.00        4.44  5777.  0.0     0.565   0.037  -0.272   0.116
    2165.00        4.44  5777.  0.0     0.627  -0.134  -0.169   0.092
    2175.00        4.44  5777.  0.0     0.555   0.036  -0.264   0.111
    2185.00        4.44  5777.  0.0     0.550   0.047  -0.283   0.126
    2195.00        4.44  5777.  0.0     0.541   0.085  -0.333   0.149
    2205.00        4.44  5777.  0.0     0.545   0.039  -0.267   0.121
    2215.00        4.44  5777.  0.0     0.545   0.051  -0.290   0.131
    2225.00        4.44  5777.  0.0     0.542   0.044  -0.268   0.120
    2235.00        4.44  5777.  0.0     0.533   0.063  -0.288   0.127
    2245.00        4.44  5777.  0.0     0.531   0.064  -0.288   0.128
    2255.00        4.44  5777.  0.0     0.526   0.072  -0.304   0.137
    2265.00        4.44  5777.  0.0     0.536   0.026  -0.234   0.104
    2275.00        4.44  5777.  0.0     0.537   0.030  -0.242   0.106
    2285.00        4.44  5777.  0.0     0.539  -0.006  -0.181   0.077
    2295.00        4.44  5777.  0.0     0.572  -0.051  -0.130   0.056
    2305.00        4.44  5777.  0.0     0.532   0.045  -0.249   0.108
    2315.00        4.44  5777.  0.0     0.547  -0.027  -0.153   0.065
    2325.00        4.44  5777.  0.0     0.572  -0.086  -0.059   0.019
    2335.00        4.44  5777.  0.0     0.551  -0.041  -0.135   0.060
    2345.00        4.44  5777.  0.0     0.549  -0.026  -0.160   0.070
    2355.00        4.44  5777.  0.0     0.583  -0.144   0.022  -0.015
    2365.00        4.44  5777.  0.0     0.563  -0.081  -0.079   0.032
    2375.00        4.44  5777.  0.0     0.571  -0.123  -0.033   0.015
    2385.00        4.44  5777.  0.0     0.586  -0.175   0.068  -0.038
    2395.00        4.44  5777.  0.0     0.572  -0.127  -0.016   0.004
    2405.00        4.44  5777.  0.0     0.568  -0.136  -0.004   0.000
    2415.00        4.44  5777.  0.0     0.588  -0.198   0.097  -0.051
    2425.00        4.44  5777.  0.0     0.565  -0.133   0.003  -0.007
    2435.00        4.44  5777.  0.0     0.569  -0.169   0.049  -0.025
    2445.00        4.44  5777.  0.0     0.575  -0.168   0.050  -0.026
    2455.00        4.44  5777.  0.0     0.574  -0.192   0.084  -0.041
    2465.00        4.44  5777.  0.0     0.555  -0.131   0.001  -0.005
    2475.00        4.44  5777.  0.0     0.556  -0.133   0.001  -0.003
    2485.00        4.44  5777.  0.0     0.570  -0.191   0.080  -0.038
    2495.00        4.44  5777.  0.0     0.558  -0.166   0.052  -0.027
    2505.00        4.44  5777.  0.0     0.531  -0.085  -0.056   0.023
    2515.00        4.44  5777.  0.0     0.578  -0.221   0.124  -0.058
    2525.00        4.44  5777.  0.0     0.565  -0.192   0.079  -0.037
    2535.00        4.44  5777.  0.0     0.556  -0.186   0.080  -0.038
    2545.00        4.44  5777.  0.0     0.551  -0.169   0.057  -0.026
    2555.00        4.44  5777.  0.0     0.568  -0.233   0.141  -0.065
    2565.00        4.44  5777.  0.0     0.565  -0.248   0.160  -0.072
    2575.00        4.44  5777.  0.0     0.538  -0.144   0.028  -0.016
    2585.00        4.44  5777.  0.0     0.562  -0.250   0.170  -0.074
    2595.00        4.44  5777.  0.0     0.549  -0.196   0.097  -0.044
    2605.00        4.44  5777.  0.0     0.541  -0.168   0.058  -0.029
    2615.00        4.44  5777.  0.0     0.561  -0.234   0.131  -0.059
    2625.00        4.44  5777.  0.0     0.609  -0.374   0.227  -0.089
    2635.00        4.44  5777.  0.0     0.544  -0.217   0.137  -0.069
    2645.00        4.44  5777.  0.0     0.533  -0.204   0.119  -0.054
    2655.00        4.44  5777.  0.0     0.533  -0.195   0.104  -0.046
    2665.00        4.44  5777.  0.0     0.557  -0.286   0.221  -0.098
    2675.00        4.44  5777.  0.0     0.543  -0.229   0.131  -0.056
    2685.00        4.44  5777.  0.0     0.528  -0.182   0.089  -0.043
    2695.00        4.44  5777.  0.0     0.533  -0.209   0.128  -0.058
    2705.00        4.44  5777.  0.0     0.530  -0.206   0.120  -0.053
    2715.00        4.44  5777.  0.0     0.525  -0.199   0.109  -0.045
    2725.00        4.44  5777.  0.0     0.522  -0.206   0.130  -0.059
    2735.00        4.44  5777.  0.0     0.530  -0.223   0.147  -0.064
    2745.00        4.44  5777.  0.0     0.525  -0.209   0.126  -0.056
    2755.00        4.44  5777.  0.0     0.536  -0.258   0.176  -0.077
    2765.00        4.44  5777.  0.0     0.539  -0.279   0.221  -0.101
    2775.00        4.44  5777.  0.0     0.524  -0.236   0.173  -0.077
    2785.00        4.44  5777.  0.0     0.507  -0.188   0.109  -0.048
    2795.00        4.44  5777.  0.0     0.509  -0.194   0.117  -0.051
    2805.00        4.44  5777.  0.0     0.506  -0.191   0.108  -0.044
    2815.00        4.44  5777.  0.0     0.515  -0.217   0.140  -0.058
    2825.00        4.44  5777.  0.0     0.505  -0.196   0.118  -0.051
    2835.00        4.44  5777.  0.0     0.508  -0.212   0.143  -0.062
    2845.00        4.44  5777.  0.0     0.499  -0.196   0.122  -0.053
    2855.00        4.44  5777.  0.0     0.500  -0.197   0.121  -0.051
    2865.00        4.44  5777.  0.0     0.515  -0.254   0.201  -0.092
    2875.00        4.44  5777.  0.0     0.531  -0.300   0.223  -0.092
    2885.00        4.44  5777.  0.0     0.508  -0.240   0.184  -0.083
    2895.00        4.44  5777.  0.0     0.506  -0.237   0.178  -0.077
    2905.00        4.44  5777.  0.0     0.502  -0.231   0.170  -0.072
    2915.00        4.44  5777.  0.0     0.507  -0.257   0.208  -0.090
    2925.00        4.44  5777.  0.0     0.500  -0.245   0.191  -0.080
    2935.00        4.44  5777.  0.0     0.508  -0.278   0.242  -0.106
    2945.00        4.44  5777.  0.0     0.503  -0.266   0.225  -0.098
    2955.00        4.44  5777.  0.0     0.503  -0.264   0.219  -0.094
    2965.00        4.44  5777.  0.0     0.507  -0.278   0.237  -0.101
    2975.00        4.44  5777.  0.0     0.506  -0.279   0.238  -0.102
    2985.00        4.44  5777.  0.0     0.503  -0.278   0.243  -0.106
    2995.00        4.44  5777.  0.0     0.492  -0.244   0.188  -0.076
    3005.00        4.44  5777.  0.0     0.509  -0.314   0.292  -0.127
    3015.00        4.44  5777.  0.0     0.500  -0.280   0.241  -0.103
    3025.00        4.44  5777.  0.0     0.494  -0.265   0.226  -0.099
    3035.00        4.44  5777.  0.0     0.520  -0.344   0.294  -0.124
    3045.00        4.44  5777.  0.0     0.509  -0.307   0.266  -0.118
    3055.00        4.44  5777.  0.0     0.496  -0.283   0.246  -0.105
    3065.00        4.44  5777.  0.0     0.500  -0.305   0.274  -0.115
    3075.00        4.44  5777.  0.0     0.485  -0.248   0.191  -0.074
    3085.00        4.44  5777.  0.0     0.497  -0.307   0.274  -0.112
    3095.00        4.44  5777.  0.0     0.506  -0.345   0.334  -0.144
    3105.00        4.44  5777.  0.0     0.496  -0.303   0.274  -0.115
    3115.00        4.44  5777.  0.0     0.505  -0.355   0.343  -0.146
    3125.00        4.44  5777.  0.0     0.503  -0.339   0.322  -0.136
    3135.00        4.44  5777.  0.0     0.495  -0.306   0.270  -0.110
    3145.00        4.44  5777.  0.0     0.496  -0.316   0.290  -0.122
    3155.00        4.44  5777.  0.0     0.494  -0.322   0.295  -0.122
    3165.00        4.44  5777.  0.0     0.501  -0.352   0.346  -0.149
    3175.00        4.44  5777.  0.0     0.501  -0.348   0.333  -0.140
    3185.00        4.44  5777.  0.0     0.499  -0.348   0.338  -0.144
    3195.00        4.44  5777.  0.0     0.502  -0.356   0.350  -0.150
    3210.00        4.44  5777.  0.0     0.496  -0.346   0.329  -0.136
    3230.00        4.44  5777.  0.0     0.498  -0.357   0.348  -0.146
    3250.00        4.44  5777.  0.0     0.503  -0.386   0.391  -0.167
    3270.00        4.44  5777.  0.0     0.494  -0.358   0.346  -0.143
    3290.00        4.44  5777.  0.0     0.516  -0.425   0.406  -0.169
    3310.00        4.44  5777.  0.0     0.500  -0.391   0.390  -0.165
    3330.00        4.44  5777.  0.0     0.501  -0.407   0.412  -0.172
    3350.00        4.44  5777.  0.0     0.491  -0.372   0.360  -0.145
    3370.00        4.44  5777.  0.0     0.492  -0.386   0.378  -0.153
    3390.00        4.44  5777.  0.0     0.494  -0.400   0.395  -0.159
    3410.00        4.44  5777.  0.0     0.497  -0.421   0.427  -0.175
    3430.00        4.44  5777.  0.0     0.495  -0.414   0.419  -0.172
    3450.00        4.44  5777.  0.0     0.493  -0.409   0.414  -0.170
    3470.00        4.44  5777.  0.0     0.493  -0.415   0.419  -0.170
    3490.00        4.44  5777.  0.0     0.494  -0.423   0.430  -0.176
    3510.00        4.44  5777.  0.0     0.495  -0.428   0.435  -0.177
    3530.00        4.44  5777.  0.0     0.495  -0.438   0.448  -0.182
    3550.00        4.44  5777.  0.0     0.494  -0.440   0.451  -0.184
    3570.00        4.44  5777.  0.0     0.490  -0.430   0.432  -0.173
    3590.00        4.44  5777.  0.0     0.491  -0.441   0.446  -0.178
    3610.00        4.44  5777.  0.0     0.494  -0.451   0.463  -0.188
    3630.00        4.44  5777.  0.0     0.488  -0.431   0.430  -0.169
    3650.00        4.44  5777.  0.0     0.497  -0.473   0.487  -0.196
    3670.00        4.44  5777.  0.0     0.492  -0.464   0.473  -0.188
    3690.00        4.44  5777.  0.0     0.498  -0.495   0.510  -0.202
    3710.00        4.44  5777.  0.0     0.494  -0.487   0.500  -0.197
    3730.00        4.44  5777.  0.0     0.497  -0.488   0.495  -0.199
    3750.00        4.44  5777.  0.0     0.510  -0.547   0.563  -0.226
    3770.00        4.44  5777.  0.0     0.495  -0.497   0.516  -0.205
    3790.00        4.44  5777.  0.0     0.497  -0.512   0.535  -0.213
    3810.00        4.44  5777.  0.0     0.490  -0.485   0.492  -0.191
    3830.00        4.44  5777.  0.0     0.492  -0.493   0.505  -0.199
    3850.00        4.44  5777.  0.0     0.496  -0.512   0.535  -0.214
    3870.00        4.44  5777.  0.0     0.492  -0.503   0.517  -0.202
    3890.00        4.44  5777.  0.0     0.492  -0.507   0.522  -0.205
    3910.00        4.44  5777.  0.0     0.491  -0.503   0.513  -0.200
    3930.00        4.44  5777.  0.0     0.483  -0.481   0.483  -0.185
    3950.00        4.44  5777.  0.0     0.494  -0.530   0.551  -0.216
    3970.00        4.44  5777.  0.0     0.492  -0.526   0.549  -0.216
    3990.00        4.44  5777.  0.0     0.494  -0.543   0.563  -0.219
    4010.00        4.44  5777.  0.0     0.492  -0.531   0.546  -0.213
    4030.00        4.44  5777.  0.0     0.494  -0.538   0.558  -0.219
    4050.00        4.44  5777.  0.0     0.502  -0.560   0.562  -0.221
    4070.00        4.44  5777.  0.0     0.490  -0.536   0.556  -0.217
    4090.00        4.44  5777.  0.0     0.489  -0.534   0.550  -0.213
    4110.00        4.44  5777.  0.0     0.488  -0.530   0.543  -0.208
    4130.00        4.44  5777.  0.0     0.486  -0.528   0.542  -0.208
    4150.00        4.44  5777.  0.0     0.489  -0.543   0.557  -0.214
    4170.00        4.44  5777.  0.0     0.495  -0.562   0.584  -0.229
    4190.00        4.44  5777.  0.0     0.484  -0.529   0.535  -0.203
    4210.00        4.44  5777.  0.0     0.488  -0.555   0.571  -0.219
    4230.00        4.44  5777.  0.0     0.486  -0.540   0.550  -0.208
    4250.00        4.44  5777.  0.0     0.481  -0.532   0.536  -0.200
    4270.00        4.44  5777.  0.0     0.490  -0.565   0.587  -0.227
    4290.00        4.44  5777.  0.0     0.519  -0.632   0.650  -0.246
    4310.00        4.44  5777.  0.0     0.529  -0.660   0.685  -0.263
    4330.00        4.44  5777.  0.0     0.497  -0.578   0.588  -0.222
    4350.00        4.44  5777.  0.0     0.544  -0.711   0.737  -0.280
    4370.00        4.44  5777.  0.0     0.529  -0.678   0.704  -0.271
    4390.00        4.44  5777.  0.0     0.520  -0.651   0.676  -0.261
    4410.00        4.44  5777.  0.0     0.566  -0.782   0.817  -0.312
    4430.00        4.44  5777.  0.0     0.541  -0.727   0.772  -0.300
    4450.00        4.44  5777.  0.0     0.544  -0.726   0.763  -0.294
    4470.00        4.44  5777.  0.0     0.586  -0.832   0.864  -0.328
    4490.00        4.44  5777.  0.0     0.551  -0.748   0.786  -0.302
    4510.00        4.44  5777.  0.0     0.554  -0.765   0.812  -0.314
    4530.00        4.44  5777.  0.0     0.589  -0.846   0.881  -0.334
    4550.00        4.44  5777.  0.0     0.565  -0.784   0.815  -0.310
    4570.00        4.44  5777.  0.0     0.569  -0.797   0.834  -0.319
    4590.00        4.44  5777.  0.0     0.601  -0.877   0.912  -0.345
    4610.00        4.44  5777.  0.0     0.569  -0.794   0.821  -0.311
    4630.00        4.44  5777.  0.0     0.576  -0.810   0.837  -0.317
    4650.00        4.44  5777.  0.0     0.596  -0.862   0.882  -0.335
    4670.00        4.44  5777.  0.0     0.585  -0.826   0.840  -0.316
    4690.00        4.44  5777.  0.0     0.577  -0.807   0.823  -0.309
    4710.00        4.44  5777.  0.0     0.595  -0.860   0.886  -0.334
    4730.00        4.44  5777.  0.0     0.580  -0.822   0.843  -0.317
    4750.00        4.44  5777.  0.0     0.579  -0.822   0.841  -0.315
    4770.00        4.44  5777.  0.0     0.580  -0.825   0.843  -0.315
    4790.00        4.44  5777.  0.0     0.586  -0.850   0.877  -0.330
    4810.00        4.44  5777.  0.0     0.581  -0.834   0.853  -0.319
    4830.00        4.44  5777.  0.0     0.567  -0.801   0.821  -0.308
    4850.00        4.44  5777.  0.0     0.573  -0.818   0.837  -0.313
    4870.00        4.44  5777.  0.0     0.576  -0.827   0.845  -0.315
    4890.00        4.44  5777.  0.0     0.564  -0.797   0.810  -0.301
    4910.00        4.44  5777.  0.0     0.581  -0.844   0.864  -0.322
    4930.00        4.44  5777.  0.0     0.567  -0.811   0.830  -0.310
    4950.00        4.44  5777.  0.0     0.568  -0.812   0.827  -0.307
    4970.00        4.44  5777.  0.0     0.559  -0.799   0.818  -0.305
    4990.00        4.44  5777.  0.0     0.571  -0.822   0.838  -0.311
    5010.00        4.44  5777.  0.0     0.560  -0.800   0.815  -0.303
    5030.00        4.44  5777.  0.0     0.560  -0.796   0.809  -0.300
    5050.00        4.44  5777.  0.0     0.561  -0.804   0.815  -0.301
    5070.00        4.44  5777.  0.0     0.565  -0.820   0.839  -0.313
    5090.00        4.44  5777.  0.0     0.567  -0.824   0.841  -0.314
    5110.00        4.44  5777.  0.0     0.560  -0.801   0.809  -0.298
    5130.00        4.44  5777.  0.0     0.570  -0.832   0.842  -0.315
    5150.00        4.44  5777.  0.0     0.562  -0.814   0.827  -0.307
    5170.00        4.44  5777.  0.0     0.549  -0.779   0.784  -0.287
    5190.00        4.44  5777.  0.0     0.554  -0.792   0.797  -0.292
    5210.00        4.44  5777.  0.0     0.562  -0.814   0.819  -0.301
    5230.00        4.44  5777.  0.0     0.553  -0.793   0.798  -0.293
    5250.00        4.44  5777.  0.0     0.549  -0.786   0.790  -0.289
    5270.00        4.44  5777.  0.0     0.536  -0.753   0.752  -0.274
    5290.00        4.44  5777.  0.0     0.550  -0.787   0.790  -0.290
    5310.00        4.44  5777.  0.0     0.559  -0.814   0.820  -0.302
    5330.00        4.44  5777.  0.0     0.544  -0.777   0.778  -0.284
    5350.00        4.44  5777.  0.0     0.555  -0.810   0.820  -0.304
    5370.00        4.44  5777.  0.0     0.544  -0.780   0.779  -0.284
    5390.00        4.44  5777.  0.0     0.545  -0.790   0.795  -0.292
    5410.00        4.44  5777.  0.0     0.536  -0.758   0.750  -0.271
    5430.00        4.44  5777.  0.0     0.543  -0.785   0.785  -0.287
    5450.00        4.44  5777.  0.0     0.540  -0.776   0.771  -0.279
    5470.00        4.44  5777.  0.0     0.546  -0.799   0.801  -0.293
    5490.00        4.44  5777.  0.0     0.536  -0.767   0.761  -0.276
    5510.00        4.44  5777.  0.0     0.544  -0.793   0.797  -0.292
    5530.00        4.44  5777.  0.0     0.526  -0.747   0.737  -0.265
    5550.00        4.44  5777.  0.0     0.540  -0.779   0.772  -0.279
    5570.00        4.44  5777.  0.0     0.525  -0.749   0.745  -0.271
    5590.00        4.44  5777.  0.0     0.531  -0.763   0.755  -0.273
    5610.00        4.44  5777.  0.0     0.524  -0.745   0.732  -0.262
    5630.00        4.44  5777.  0.0     0.535  -0.782   0.782  -0.285
    5650.00        4.44  5777.  0.0     0.521  -0.739   0.726  -0.260
    5670.00        4.44  5777.  0.0     0.525  -0.754   0.746  -0.269
    5690.00        4.44  5777.  0.0     0.530  -0.758   0.738  -0.261
    5710.00        4.44  5777.  0.0     0.525  -0.760   0.755  -0.274
    5730.00        4.44  5777.  0.0     0.521  -0.744   0.731  -0.261
    5750.00        4.44  5777.  0.0     0.521  -0.746   0.732  -0.261
    5770.00        4.44  5777.  0.0     0.528  -0.772   0.766  -0.276
    5790.00        4.44  5777.  0.0     0.516  -0.736   0.716  -0.253
    5810.00        4.44  5777.  0.0     0.523  -0.764   0.759  -0.275
    5830.00        4.44  5777.  0.0     0.512  -0.725   0.705  -0.249
    5850.00        4.44  5777.  0.0     0.524  -0.769   0.766  -0.277
    5870.00        4.44  5777.  0.0     0.521  -0.760   0.752  -0.271
    5890.00        4.44  5777.  0.0     0.513  -0.740   0.724  -0.259
    5910.00        4.44  5777.  0.0     0.520  -0.765   0.760  -0.280
    5930.00        4.44  5777.  0.0     0.508  -0.724   0.705  -0.250
    5950.00        4.44  5777.  0.0     0.515  -0.751   0.737  -0.263
    5970.00        4.44  5777.  0.0     0.512  -0.749   0.743  -0.268
    5990.00        4.44  5777.  0.0     0.503  -0.713   0.689  -0.242
    6010.00        4.44  5777.  0.0     0.511  -0.747   0.740  -0.267
    6030.00        4.44  5777.  0.0     0.505  -0.730   0.716  -0.256
    6050.00        4.44  5777.  0.0     0.508  -0.733   0.717  -0.255
    6070.00        4.44  5777.  0.0     0.507  -0.735   0.719  -0.256
    6090.00        4.44  5777.  0.0     0.507  -0.734   0.716  -0.253
    6110.00        4.44  5777.  0.0     0.511  -0.754   0.741  -0.265
    6130.00        4.44  5777.  0.0     0.505  -0.724   0.697  -0.243
    6150.00        4.44  5777.  0.0     0.505  -0.730   0.709  -0.250
    6170.00        4.44  5777.  0.0     0.500  -0.723   0.702  -0.247
    6190.00        4.44  5777.  0.0     0.498  -0.720   0.702  -0.248
    6210.00        4.44  5777.  0.0     0.496  -0.717   0.700  -0.249
    6230.00        4.44  5777.  0.0     0.497  -0.724   0.708  -0.253
    6250.00        4.44  5777.  0.0     0.498  -0.728   0.715  -0.256
    6270.00        4.44  5777.  0.0     0.501  -0.732   0.713  -0.252
    6290.00        4.44  5777.  0.0     0.502  -0.737   0.723  -0.258
    6310.00        4.44  5777.  0.0     0.502  -0.740   0.719  -0.253
    6330.00        4.44  5777.  0.0     0.491  -0.715   0.701  -0.251
    6350.00        4.44  5777.  0.0     0.499  -0.736   0.723  -0.259
    6370.00        4.44  5777.  0.0     0.489  -0.701   0.672  -0.233
    6390.00        4.44  5777.  0.0     0.501  -0.749   0.743  -0.269
    6420.00        4.44  5777.  0.0     0.495  -0.735   0.726  -0.262
    6460.00        4.44  5777.  0.0     0.494  -0.733   0.721  -0.259
    6500.00        4.44  5777.  0.0     0.481  -0.693   0.665  -0.231
    6540.00        4.44  5777.  0.0     0.489  -0.724   0.711  -0.255
    6580.00        4.44  5777.  0.0     0.478  -0.683   0.648  -0.222
    6620.00        4.44  5777.  0.0     0.478  -0.695   0.673  -0.238
    6660.00        4.44  5777.  0.0     0.485  -0.715   0.695  -0.246
    6700.00        4.44  5777.  0.0     0.485  -0.721   0.702  -0.248
    6740.00        4.44  5777.  0.0     0.477  -0.702   0.685  -0.244
    6780.00        4.44  5777.  0.0     0.484  -0.726   0.711  -0.253
    6820.00        4.44  5777.  0.0     0.473  -0.687   0.654  -0.225
    6860.00        4.44  5777.  0.0     0.469  -0.677   0.644  -0.222
    6900.00        4.44  5777.  0.0     0.476  -0.707   0.683  -0.240
    6940.00        4.44  5777.  0.0     0.469  -0.685   0.654  -0.227
    6980.00        4.44  5777.  0.0     0.477  -0.714   0.695  -0.247
    7020.00        4.44  5777.  0.0     0.464  -0.674   0.640  -0.221
    7060.00        4.44  5777.  0.0     0.479  -0.725   0.708  -0.252
    7100.00        4.44  5777.  0.0     0.469  -0.695   0.673  -0.239
    7140.00        4.44  5777.  0.0     0.474  -0.707   0.680  -0.238
    7180.00        4.44  5777.  0.0     0.472  -0.697   0.660  -0.226
    7220.00        4.44  5777.  0.0     0.464  -0.675   0.633  -0.215
    7260.00        4.44  5777.  0.0     0.474  -0.718   0.700  -0.249
    7300.00        4.44  5777.  0.0     0.475  -0.719   0.698  -0.247
    7340.00        4.44  5777.  0.0     0.464  -0.685   0.649  -0.223
    7380.00        4.44  5777.  0.0     0.461  -0.675   0.637  -0.219
    7420.00        4.44  5777.  0.0     0.472  -0.715   0.686  -0.240
    7460.00        4.44  5777.  0.0     0.465  -0.701   0.674  -0.240
    7500.00        4.44  5777.  0.0     0.468  -0.715   0.697  -0.250
    7540.00        4.44  5777.  0.0     0.469  -0.713   0.687  -0.243
    7580.00        4.44  5777.  0.0     0.472  -0.719   0.694  -0.245
    7620.00        4.44  5777.  0.0     0.461  -0.677   0.626  -0.209
    7660.00        4.44  5777.  0.0     0.467  -0.705   0.666  -0.228
    7700.00        4.44  5777.  0.0     0.474  -0.736   0.718  -0.256
    7740.00        4.44  5777.  0.0     0.464  -0.701   0.674  -0.238
    7780.00        4.44  5777.  0.0     0.467  -0.709   0.672  -0.231
    7820.00        4.44  5777.  0.0     0.457  -0.672   0.617  -0.204
    7860.00        4.44  5777.  0.0     0.461  -0.697   0.666  -0.233
    7900.00        4.44  5777.  0.0     0.465  -0.707   0.669  -0.230
    7940.00        4.44  5777.  0.0     0.461  -0.703   0.675  -0.237
    7980.00        4.44  5777.  0.0     0.458  -0.690   0.653  -0.226
    8020.00        4.44  5777.  0.0     0.466  -0.711   0.670  -0.230
    8060.00        4.44  5777.  0.0     0.473  -0.741   0.718  -0.255
    8100.00        4.44  5777.  0.0     0.459  -0.691   0.643  -0.218
    8140.00        4.44  5777.  0.0     0.466  -0.719   0.685  -0.239
    8180.00        4.44  5777.  0.0     0.463  -0.723   0.704  -0.252
    8220.00        4.44  5777.  0.0     0.466  -0.714   0.672  -0.231
    8260.00        4.44  5777.  0.0     0.468  -0.736   0.716  -0.255
    8300.00        4.44  5777.  0.0     0.451  -0.672   0.618  -0.207
    8340.00        4.44  5777.  0.0     0.473  -0.748   0.723  -0.256
    8380.00        4.44  5777.  0.0     0.460  -0.708   0.673  -0.234
    8420.00        4.44  5777.  0.0     0.462  -0.707   0.657  -0.222
    8460.00        4.44  5777.  0.0     0.453  -0.683   0.632  -0.213
    8500.00        4.44  5777.  0.0     0.471  -0.749   0.727  -0.259
    8540.00        4.44  5777.  0.0     0.468  -0.742   0.718  -0.255
    8580.00        4.44  5777.  0.0     0.462  -0.719   0.683  -0.238
    8620.00        4.44  5777.  0.0     0.458  -0.703   0.654  -0.222
    8660.00        4.44  5777.  0.0     0.454  -0.686   0.632  -0.212
    8700.00        4.44  5777.  0.0     0.469  -0.749   0.724  -0.257
    8740.00        4.44  5777.  0.0     0.460  -0.714   0.669  -0.229
    8780.00        4.44  5777.  0.0     0.455  -0.693   0.638  -0.213
    8820.00        4.44  5777.  0.0     0.460  -0.714   0.671  -0.232
    8860.00        4.44  5777.  0.0     0.466  -0.739   0.709  -0.251
    8900.00        4.44  5777.  0.0     0.463  -0.731   0.700  -0.246
    8940.00        4.44  5777.  0.0     0.453  -0.690   0.631  -0.209
    8980.00        4.44  5777.  0.0     0.449  -0.682   0.624  -0.208
    9020.00        4.44  5777.  0.0     0.464  -0.734   0.702  -0.247
    9060.00        4.44  5777.  0.0     0.467  -0.740   0.698  -0.240
    9100.00        4.44  5777.  0.0     0.464  -0.731   0.686  -0.235
    9140.00        4.44  5777.  0.0     0.461  -0.729   0.690  -0.240
    9180.00        4.44  5777.  0.0     0.471  -0.754   0.713  -0.246
    9220.00        4.44  5777.  0.0     0.463  -0.727   0.678  -0.230
    9260.00        4.44  5777.  0.0     0.461  -0.729   0.690  -0.240
    9300.00        4.44  5777.  0.0     0.455  -0.702   0.646  -0.217
    9340.00        4.44  5777.  0.0     0.467  -0.744   0.702  -0.242
    9380.00        4.44  5777.  0.0     0.458  -0.711   0.657  -0.223
    9420.00        4.44  5777.  0.0     0.464  -0.743   0.710  -0.250
    9460.00        4.44  5777.  0.0     0.461  -0.728   0.678  -0.230
    9500.00        4.44  5777.  0.0     0.475  -0.784   0.766  -0.275
    9540.00        4.44  5777.  0.0     0.456  -0.716   0.669  -0.229
    9580.00        4.44  5777.  0.0     0.471  -0.768   0.738  -0.260
    9620.00        4.44  5777.  0.0     0.455  -0.706   0.645  -0.214
    9660.00        4.44  5777.  0.0     0.476  -0.794   0.776  -0.279
    9700.00        4.44  5777.  0.0     0.469  -0.760   0.721  -0.251
    9740.00        4.44  5777.  0.0     0.460  -0.730   0.679  -0.231
    9780.00        4.44  5777.  0.0     0.469  -0.761   0.719  -0.249
    9820.00        4.44  5777.  0.0     0.457  -0.719   0.663  -0.224
    9860.00        4.44  5777.  0.0     0.471  -0.771   0.739  -0.260
    9900.00        4.44  5777.  0.0     0.464  -0.745   0.703  -0.244
    9940.00        4.44  5777.  0.0     0.473  -0.781   0.754  -0.268
    9980.00        4.44  5777.  0.0     0.473  -0.781   0.751  -0.266
   10020.00        4.44  5777.  0.0     0.448  -0.695   0.632  -0.210
   20000.00        4.44  5777.  0.0     0.459  -0.772   0.686  -0.226
   40000.00        4.44  5777.  0.0     0.451  -0.777   0.705  -0.244
   60000.00        4.44  5777.  0.0     0.431  -0.728   0.653  -0.224
   80000.00        4.44  5777.  0.0     0.412  -0.679   0.599  -0.204
  100000.00        4.44  5777.  0.0     0.391  -0.623   0.536  -0.179
  120000.00        4.44  5777.  0.0     0.400  -0.667   0.602  -0.210
  140000.00        4.44  5777.  0.0     0.389  -0.639   0.571  -0.198
  160000.00        4.44  5777.  0.0     0.384  -0.634   0.570  -0.199
