                                        NON LINEAR LIMB-DARKENING LAW

                          u        v       b        y        U        B        V        R        I         J         H         K
 vt log g Teff  log Z

c  2 3.50  2000.  0.0   2.4091   2.0966   2.4125   2.0353   2.2420   2.2432   1.9859   1.5738   1.2084    0.1243    0.0031   -0.2526
d  2 3.50  2000.  0.0  -1.6297  -1.2676  -1.6229  -1.1809  -1.4350  -1.4303  -1.1256  -0.6576  -0.2513    0.9257    1.0184    1.2211
c  2 4.00  2000.  0.0   2.2223   1.9538   2.3254   1.9171   2.0300   2.1119   1.8726   1.4707   1.1343    0.1443    0.0227   -0.2238
d  2 4.00  2000.  0.0  -1.4052  -1.0969  -1.5204  -1.0438  -1.1820  -1.2752  -0.9945  -0.5408  -0.1706    0.8965    0.9880    1.1728
c  2 4.50  2000.  0.0   2.0604   1.7730   2.2522   1.8301   1.8814   1.9829   1.7893   1.4144   1.1101    0.1752    0.0575   -0.1724
d  2 4.50  2000.  0.0  -1.2124  -0.8845  -1.4346  -0.9430  -1.0056  -1.1243  -0.8984  -0.4777  -0.1452    0.8591    0.9490    1.1027
c  2 5.00  2000.  0.0   1.9089   1.6080   2.1464   1.7399   1.7536   1.8465   1.6945   1.3594   1.0874    0.1934    0.0914   -0.1214
d  2 5.00  2000.  0.0  -1.0345  -0.6931  -1.3101  -0.8389  -0.8561  -0.9657  -0.7895  -0.4163  -0.1217    0.8360    0.9113    1.0267
c  2 3.50  2200.  0.0   2.0991   1.7414   2.2605   1.9473   1.9540   2.0237   1.9235   1.5818   1.2345   -0.1579   -0.1925   -0.3813
d  2 3.50  2200.  0.0  -1.2687  -0.8542  -1.4410  -1.0759  -1.0995  -1.1709  -1.0504  -0.6651  -0.2790    1.2002    1.1975    1.3183
c  2 4.00  2200.  0.0   1.9746   1.6896   2.1600   1.8144   1.7999   1.9181   1.7982   1.4512   1.1433   -0.1332   -0.1756   -0.3608
d  2 4.00  2200.  0.0  -1.1173  -0.7897  -1.3237  -0.9227  -0.9164  -1.0475  -0.9062  -0.5176  -0.1800    1.1653    1.1680    1.2772
c  2 4.50  2200.  0.0   1.8707   1.6313   2.1460   1.7510   1.6738   1.8663   1.7386   1.3914   1.1346   -0.0726   -0.1271   -0.3093
d  2 4.50  2200.  0.0  -0.9934  -0.7218  -1.3086  -0.8508  -0.7677  -0.9885  -0.8388  -0.4511  -0.1728    1.1008    1.1180    1.2178
c  2 5.00  2200.  0.0   1.7220   1.4636   2.0596   1.6588   1.5492   1.7380   1.6394   1.3269   1.1194   -0.0221   -0.0862   -0.2370
d  2 5.00  2200.  0.0  -0.8199  -0.5278  -1.2084  -0.7458  -0.6233  -0.8407  -0.7259  -0.3794  -0.1584    1.0452    1.0763    1.1272
c  2 3.50  2400.  0.0   1.6336   1.2308   1.9348   1.6817   1.4793   1.6254   1.6737   1.4158   1.1203   -0.3722   -0.3534   -0.4676
d  2 3.50  2400.  0.0  -0.7331  -0.2726  -1.0587  -0.7674  -0.5536  -0.7089  -0.7599  -0.4747  -0.1499    1.3752    1.3176    1.3491
c  2 4.00  2400.  0.0   1.5784   1.2525   1.8369   1.5687   1.4331   1.5601   1.5618   1.2929   1.0390   -0.3604   -0.3415   -0.4554
d  2 4.00  2400.  0.0  -0.6622  -0.2916  -0.9461  -0.6392  -0.4968  -0.6337  -0.6331  -0.3385  -0.0635    1.3531    1.2925    1.3166
c  2 4.50  2400.  0.0   1.5672   1.3228   1.8586   1.5447   1.3974   1.5833   1.5420   1.2556   1.0522   -0.3061   -0.3013   -0.4239
d  2 4.50  2400.  0.0  -0.6463  -0.3708  -0.9728  -0.6137  -0.4552  -0.6622  -0.6125  -0.2991  -0.0813    1.3011    1.2551    1.2840
c  2 5.00  2400.  0.0   1.4569   1.2460   1.8493   1.4914   1.2732   1.5300   1.4823   1.1968   1.0580   -0.2354   -0.2567   -0.3602
d  2 5.00  2400.  0.0  -0.5201  -0.2865  -0.9642  -0.5556  -0.3144  -0.6048  -0.5471  -0.2359  -0.0916    1.2306    1.2148    1.2143
c  2 3.50  2600.  0.0   1.0003   0.6296   1.3616   1.1447   0.8432   1.0272   1.1368   0.9411   0.6891   -0.4864   -0.4497   -0.4972
d  2 3.50  2600.  0.0  -0.0217   0.3837  -0.4006  -0.1596   0.1547  -0.0352  -0.1523   0.0527   0.3215    1.4011    1.3280    1.2817
c  2 4.00  2600.  0.0   1.1076   0.7622   1.4233   1.2038   0.9655   1.1143   1.1890   0.9735   0.7478   -0.4811   -0.4349   -0.4937
d  2 4.00  2600.  0.0  -0.1334   0.2488  -0.4717  -0.2277   0.0257  -0.1310  -0.2129   0.0129   0.2542    1.4035    1.3193    1.2826
c  2 4.50  2600.  0.0   1.1171   0.8548   1.4227   1.1803   0.9865   1.1388   1.1667   0.9366   0.7378   -0.4551   -0.4152   -0.4786
d  2 4.50  2600.  0.0  -0.1423   0.1473  -0.4730  -0.2037   0.0000  -0.1609  -0.1905   0.0497   0.2616    1.3793    1.3021    1.2632
c  2 5.00  2600.  0.0   1.1181   0.9491   1.5023   1.2183   0.9597   1.2096   1.2002   0.9491   0.7980   -0.3998   -0.3903   -0.4414
d  2 5.00  2600.  0.0  -0.1455   0.0376  -0.5661  -0.2501   0.0260  -0.2456  -0.2315   0.0316   0.1924    1.3375    1.2925    1.2344
c  2 3.50  2800.  0.0   0.5711   0.3167   0.8793   0.6492   0.4355   0.6088   0.6361   0.4393   0.2370   -0.4533   -0.4141   -0.4444
d  2 3.50  2800.  0.0   0.4389   0.6948   0.1286   0.3707   0.5815   0.4096   0.3821   0.5737   0.7755    1.2771    1.2120    1.1477
c  2 4.00  2800.  0.0   0.6644   0.3836   1.0061   0.7994   0.5472   0.7084   0.7772   0.5741   0.3600   -0.4857   -0.4390   -0.4690
d  2 4.00  2800.  0.0   0.3459   0.6381  -0.0106   0.2062   0.4689   0.3054   0.2269   0.4232   0.6488    1.3212    1.2456    1.1795
c  2 4.50  2800.  0.0   0.6874   0.4243   0.9894   0.7994   0.5801   0.7100   0.7814   0.5977   0.3528   -0.4928   -0.4532   -0.4779
d  2 4.50  2800.  0.0   0.3214   0.5991   0.0091   0.2082   0.4327   0.3042   0.2239   0.3979   0.6598    1.3270    1.2579    1.1822
c  2 5.00  2800.  0.0   0.7498   0.5681   1.0734   0.8745   0.6559   0.8098   0.8454   0.6492   0.4085   -0.4772   -0.4529   -0.4701
d  2 5.00  2800.  0.0   0.2462   0.4411  -0.0852   0.1229   0.3389   0.1904   0.1510   0.3368   0.5998    1.3302    1.2771    1.1861
c  2 3.50  3000.  0.0   0.4024   0.2373   0.7107   0.4664   0.2770   0.4766   0.4536   0.2401   0.1040   -0.3749   -0.3630   -0.4078
d  2 3.50  3000.  0.0   0.6074   0.7572   0.2948   0.5412   0.7334   0.5327   0.5503   0.7481   0.8719    1.1534    1.1408    1.0912
c  2 4.00  3000.  0.0   0.2863   0.0930   0.5666   0.3886   0.1811   0.3258   0.3839   0.2191  -0.0011   -0.4385   -0.4253   -0.4348
d  2 4.00  3000.  0.0   0.7296   0.9050   0.4536   0.6250   0.8314   0.6924   0.6243   0.7644   0.9794    1.1788    1.1542    1.0654
c  2 4.50  3000.  0.0   0.2878   0.0829   0.5427   0.3958   0.2031   0.3080   0.3986   0.2591  -0.0167   -0.4596   -0.4490   -0.4447
d  2 4.50  3000.  0.0   0.7285   0.9211   0.4827   0.6205   0.8079   0.7133   0.6110   0.7215   1.0014    1.1939    1.1678    1.0625
c  2 5.00  3000.  0.0   0.4177   0.2244   0.6610   0.5232   0.3435   0.4373   0.5154   0.3752   0.0672   -0.4710   -0.4615   -0.4525
d  2 5.00  3000.  0.0   0.5841   0.7807   0.3582   0.4864   0.6515   0.5772   0.4877   0.5968   0.9249    1.2328    1.2049    1.0912
c  2 3.50  3200.  0.0   0.3970   0.3191   0.8543   0.5762   0.2686   0.5900   0.5624   0.2863   0.2283   -0.2303   -0.2668   -0.3464
d  2 3.50  3200.  0.0   0.6034   0.6575   0.1187   0.3971   0.7308   0.3937   0.4054   0.6639   0.7111    1.0078    1.0814    1.0612
c  2 4.00  3200.  0.0   0.2220   0.0742   0.5325   0.3759   0.1159   0.2990   0.3763   0.2031  -0.0053   -0.3878   -0.4288   -0.4293
d  2 4.00  3200.  0.0   0.7811   0.9045   0.4717   0.6112   0.8813   0.7020   0.6032   0.7417   0.9452    1.1019    1.1506    1.0485
c  2 4.50  3200.  0.0   0.1533  -0.0076   0.3779   0.2683   0.0727   0.1770   0.2821   0.1576  -0.1163   -0.4235   -0.4453   -0.4250
d  2 4.50  3200.  0.0   0.8461   0.9838   0.6394   0.7271   0.9176   0.8279   0.7047   0.7876   1.0561    1.1104    1.1265    1.0050
c  2 5.00  3200.  0.0   0.1648   0.0015   0.3285   0.2395   0.1000   0.1560   0.2571   0.1610  -0.1539   -0.4375   -0.4558   -0.4234
d  2 5.00  3200.  0.0   0.8242   0.9732   0.6943   0.7597   0.8781   0.8479   0.7331   0.7833   1.0972    1.1214    1.1273    0.9932
c  2 3.50  3400.  0.0   0.4669   0.5326   1.2325   0.9083   0.3305   0.9253   0.8998   0.5054   0.5170    0.0136   -0.1165   -0.2261
d  2 3.50  3400.  0.0   0.5162   0.4157  -0.3219   0.0055   0.6515   0.0080   0.0048   0.3854   0.3787    0.7769    0.9732    0.9803
c  2 4.00  3400.  0.0   0.2565   0.1715   0.7195   0.5914   0.1467   0.4551   0.6061   0.3961   0.1643   -0.2890   -0.3913   -0.3950
d  2 4.00  3400.  0.0   0.7262   0.7886   0.2478   0.3498   0.8286   0.5163   0.3236   0.4893   0.7363    1.0059    1.1317    1.0259
c  2 4.50  3400.  0.0   0.1335   0.0020   0.3792   0.3232   0.0532   0.1893   0.3490   0.2393  -0.0758   -0.3860   -0.4547   -0.4159
d  2 4.50  3400.  0.0   0.8409   0.9512   0.6161   0.6383   0.9098   0.7929   0.6012   0.6555   0.9732    1.0524    1.1175    0.9757
c  2 5.00  3400.  0.0   0.0897  -0.0455   0.2167   0.1758   0.0297   0.0780   0.2056   0.1391  -0.1928   -0.4109   -0.4554   -0.4054
d  2 5.00  3400.  0.0   0.8715   0.9890   0.7888   0.7954   0.9180   0.9036   0.7559   0.7642   1.0881    1.0587    1.0886    0.9400
c  2 3.50  3600.  0.0   0.6205   0.8089   1.5829   1.3538   0.4608   1.2788   1.3374   0.8926   0.8014    0.0726   -0.1807   -0.2561
d  2 3.50  3600.  0.0   0.3251   0.1056  -0.7297  -0.5122   0.4865  -0.3979  -0.5067  -0.0854   0.0550    0.7381    1.0344    1.0046
c  2 4.00  3600.  0.0   0.3533   0.4062   1.0506   0.9419   0.2184   0.7534   0.9795   0.7040   0.4259   -0.0796   -0.2412   -0.2676
d  2 4.00  3600.  0.0   0.5870   0.5186  -0.1428  -0.0631   0.7149   0.1661  -0.1166   0.1094   0.4297    0.8122    1.0155    0.9300
c  2 4.50  3600.  0.0   0.1951   0.1189   0.5001   0.4947   0.1011   0.3126   0.5351   0.4396   0.0469   -0.3078   -0.4073   -0.3682
d  2 4.50  3600.  0.0   0.7334   0.8063   0.4583   0.4224   0.8112   0.6332   0.3692   0.3965   0.8077    0.9722    1.0641    0.9212
c  2 5.00  3600.  0.0   0.1027  -0.0107   0.2149   0.2159   0.0409   0.1018   0.2607   0.2297  -0.1518   -0.3752   -0.4403   -0.3826
d  2 5.00  3600.  0.0   0.8146   0.9266   0.7604   0.7181   0.8547   0.8465   0.6636   0.6230   0.9994    1.0026    1.0402    0.8883
c  2 3.50  3800.  0.0   0.7905   1.0550   1.6960   1.6590   0.6256   1.4748   1.6184   1.2360   0.9346    0.0670   -0.2622   -0.3078
d  2 3.50  3800.  0.0   0.1111  -0.1738  -0.8565  -0.8459   0.2796  -0.6195  -0.8138  -0.4632  -0.0809    0.7650    1.1031    1.0421
c  2 4.00  3800.  0.0   0.4264   0.6801   1.2776   1.2204   0.2748   1.0366   1.2575   0.9781   0.5952    0.0741   -0.1860   -0.2044
d  2 4.00  3800.  0.0   0.4717   0.1979  -0.4073  -0.3766   0.6148  -0.1640  -0.4267  -0.1923   0.2394    0.6704    0.9638    0.8759
c  2 4.50  3800.  0.0   0.2392   0.3270   0.7002   0.6889   0.1269   0.5358   0.7487   0.6371   0.2036   -0.1363   -0.2770   -0.2654
d  2 4.50  3800.  0.0   0.6495   0.5576   0.2199   0.1977   0.7425   0.3676   0.1276   0.1789   0.6249    0.8149    0.9637    0.8482
c  2 5.00  3800.  0.0   0.1252   0.0991   0.2681   0.2645   0.0518   0.1885   0.3142   0.2964  -0.0949   -0.3025   -0.3789   -0.3359
d  2 5.00  3800.  0.0   0.7515   0.7825   0.6757   0.6428   0.7976   0.7254   0.5879   0.5382   0.9083    0.9253    0.9688    0.8345
c  2 3.50  4000.  0.0   0.3846   0.8072   0.9521   0.9111   0.2333   0.9670   0.9231   0.7592   0.3963    0.1331   -0.1657   -0.1880
d  2 3.50  4000.  0.0   0.4671   0.0076  -0.0805  -0.0583   0.6058  -0.1290  -0.0683   0.0718   0.3836    0.5501    0.8670    0.7908
c  2 4.00  4000.  0.0   0.3564   0.7135   1.0726   1.0338   0.2010   0.9696   1.0828   0.9413   0.4432    0.0932   -0.1784   -0.1890
d  2 4.00  4000.  0.0   0.5233   0.1349  -0.1887  -0.1671   0.6659  -0.1076  -0.2221  -0.1175   0.3802    0.6161    0.9044    0.8137
c  2 4.50  4000.  0.0   0.2390   0.5591   0.9345   0.8707   0.0995   0.8037   0.9441   0.8027   0.3680    0.0662   -0.1912   -0.1864
d  2 4.50  4000.  0.0   0.6219   0.2791  -0.0528  -0.0111   0.7422   0.0525  -0.0883   0.0094   0.4342    0.6212    0.9013    0.7973
c  2 5.00  4000.  0.0   0.1300   0.2599   0.4221   0.3717   0.0303   0.3662   0.4227   0.3664   0.0240   -0.1573   -0.2773   -0.2566
d  2 5.00  4000.  0.0   0.7225   0.5876   0.4893   0.5101   0.7951   0.5114   0.4615   0.4659   0.7620    0.7891    0.8955    0.7820
c  2 3.50  4200.  0.0   0.4153   0.8214   0.8653   0.8085   0.2586   0.9297   0.8064   0.5887   0.3639    0.1501   -0.1505   -0.1650
d  2 3.50  4200.  0.0   0.4143  -0.0247  -0.0151   0.0193   0.5598  -0.1057   0.0257   0.2133   0.3702    0.4995    0.8232    0.7435
c  2 4.00  4200.  0.0   0.4301   0.8087   1.0015   0.9151   0.2491   0.9947   0.9482   0.7863   0.3743    0.1036   -0.1860   -0.1959
d  2 4.00  4200.  0.0   0.4483   0.0345  -0.1091  -0.0298   0.6182  -0.1312  -0.0617   0.0807   0.4465    0.6024    0.8973    0.8094
c  2 4.50  4200.  0.0   0.4287   0.8283   1.1016   1.0295   0.2455   1.0505   1.0833   0.9428   0.4556    0.1052   -0.2129   -0.2029
d  2 4.50  4200.  0.0   0.4220   0.0033  -0.2182  -0.1548   0.5908  -0.1971  -0.2096  -0.0992   0.3745    0.6239    0.9482    0.8392
c  2 5.00  4200.  0.0   0.2095   0.4985   0.7361   0.6024   0.0682   0.6661   0.6686   0.5408   0.2062    0.0051   -0.2121   -0.1994
d  2 5.00  4200.  0.0   0.6370   0.3332   0.1533   0.2691   0.7545   0.1911   0.2088   0.3009   0.5815    0.6604    0.8804    0.7739
c  2 3.50  4400.  0.0   0.5278   0.8514   0.8741   0.7461   0.3647   0.9280   0.7533   0.5293   0.3334    0.1220   -0.1582   -0.1673
d  2 3.50  4400.  0.0   0.2881  -0.0550  -0.0378   0.0808   0.4406  -0.1026   0.0782   0.2616   0.3910    0.5172    0.8096    0.7274
c  2 4.00  4400.  0.0   0.5467   0.8652   0.9357   0.8043   0.3625   0.9968   0.8124   0.5895   0.3100    0.0796   -0.1966   -0.1995
d  2 4.00  4400.  0.0   0.3383  -0.0113  -0.0339   0.0908   0.5130  -0.1223   0.0877   0.2980   0.5064    0.6272    0.8926    0.8019
c  2 4.50  4400.  0.0   0.3412   0.7285   0.9200   0.7667   0.1538   0.9180   0.7982   0.5891   0.3287    0.1141   -0.1735   -0.1662
d  2 4.50  4400.  0.0   0.5203   0.1006  -0.0416   0.0940   0.6921  -0.0692   0.0710   0.2571   0.4471    0.5627    0.8575    0.7574
c  2 5.00  4400.  0.0   0.3051   0.7131   0.9698   0.7944   0.1203   0.9213   0.8466   0.6577   0.3549    0.1087   -0.2049   -0.1852
d  2 5.00  4400.  0.0   0.5366   0.1057  -0.0941   0.0686   0.7020  -0.0785   0.0265   0.1904   0.4341    0.5826    0.9023    0.7898
c  2 3.50  4600.  0.0   0.5965   0.8307   0.9069   0.6747   0.4412   0.8991   0.6747   0.4704   0.2933    0.0968   -0.1478   -0.1549
d  2 3.50  4600.  0.0   0.2202  -0.0323  -0.0778   0.1443   0.3652  -0.0720   0.1489   0.3047   0.4148    0.5223    0.7705    0.6895
c  2 4.00  4600.  0.0   0.6688   0.9017   0.9123   0.7297   0.4895   0.9894   0.7352   0.4831   0.2705    0.0487   -0.2065   -0.1997
d  2 4.00  4600.  0.0   0.2165  -0.0383  -0.0084   0.1645   0.3873  -0.1064   0.1634   0.3943   0.5373    0.6562    0.8873    0.7896
c  2 4.50  4600.  0.0   0.4174   0.7311   0.9120   0.6997   0.2296   0.9086   0.7225   0.4954   0.2933    0.0950   -0.1687   -0.1597
d  2 4.50  4600.  0.0   0.4496   0.1073  -0.0362   0.1526   0.6240  -0.0536   0.1377   0.3320   0.4635    0.5675    0.8293    0.7303
c  2 5.00  4600.  0.0   0.3246   0.6803   0.9419   0.6904   0.1329   0.8885   0.7284   0.5105   0.3010    0.0990   -0.1694   -0.1587
d  2 5.00  4600.  0.0   0.5247   0.1447  -0.0732   0.1568   0.6986  -0.0438   0.1304   0.3167   0.4560    0.5651    0.8324    0.7324
c  2 3.50  4800.  0.0   0.6433   0.8058   0.8842   0.6234   0.5050   0.8715   0.6133   0.4266   0.2604    0.0769   -0.1362   -0.1365
d  2 3.50  4800.  0.0   0.1798  -0.0027  -0.0521   0.1897   0.3060  -0.0408   0.2025   0.3375   0.4364    0.5273    0.7348    0.6490
c  2 4.00  4800.  0.0   0.7818   0.9133   0.9347   0.6579   0.6062   0.9619   0.6616   0.4165   0.2256    0.0089   -0.2151   -0.2081
d  2 4.00  4800.  0.0   0.1069  -0.0386  -0.0311   0.2405   0.2765  -0.0681   0.2402   0.4546   0.5818    0.6942    0.8807    0.7854
c  2 4.50  4800.  0.0   0.5186   0.7408   0.9112   0.6409   0.3277   0.8731   0.6617   0.4404   0.2578    0.0656   -0.1695   -0.1611
d  2 4.50  4800.  0.0   0.3477   0.1038  -0.0368   0.2096   0.5278  -0.0103   0.1959   0.3755   0.4904    0.5867    0.8094    0.7133
c  2 5.00  4800.  0.0   0.3857   0.6624   0.9209   0.6305   0.1897   0.8413   0.6670   0.4511   0.2685    0.0814   -0.1568   -0.1468
d  2 5.00  4800.  0.0   0.4632   0.1661  -0.0562   0.2047   0.6436   0.0077   0.1792   0.3529   0.4668    0.5615    0.7924    0.6951
c  2 3.50  5000.  0.0   0.6231   0.7590   0.8372   0.5791   0.4751   0.8313   0.5718   0.3838   0.2207    0.0588   -0.1320   -0.1345
d  2 3.50  5000.  0.0   0.2363   0.0663   0.0049   0.2377   0.3827   0.0105   0.2459   0.3834   0.4801    0.5427    0.7245    0.6411
c  2 4.00  5000.  0.0   0.6941   0.7767   0.8475   0.5519   0.5223   0.8304   0.5493   0.3498   0.1808    0.0096   -0.1722   -0.1684
d  2 4.00  5000.  0.0   0.1929   0.0884   0.0352   0.3100   0.3603   0.0485   0.3157   0.4692   0.5732    0.6376    0.7904    0.7006
c  2 4.50  5000.  0.0   0.5541   0.7080   0.8489   0.5752   0.3621   0.8071   0.5863   0.3906   0.2247    0.0505   -0.1521   -0.1455
d  2 4.50  5000.  0.0   0.3055   0.1305   0.0176   0.2588   0.4880   0.0506   0.2548   0.4008   0.4981    0.5746    0.7620    0.6694
c  2 5.00  5000.  0.0   0.4582   0.6604   0.8559   0.5776   0.2588   0.7894   0.6049   0.4052   0.2384    0.0604   -0.1497   -0.1410
d  2 5.00  5000.  0.0   0.3845   0.1657   0.0082   0.2486   0.5691   0.0606   0.2327   0.3831   0.4803    0.5641    0.7607    0.6662
c  2 3.50  5200.  0.0   0.6233   0.7294   0.7867   0.5356   0.4926   0.7907   0.5217   0.3485   0.1945    0.0406   -0.1291   -0.1259
d  2 3.50  5200.  0.0   0.2349   0.0954   0.0538   0.2719   0.3588   0.0496   0.2850   0.4047   0.4913    0.5448    0.6982    0.6116
c  2 4.00  5200.  0.0   0.7042   0.7481   0.7875   0.5064   0.5450   0.7839   0.4952   0.3135   0.1541   -0.0057   -0.1649   -0.1600
d  2 4.00  5200.  0.0   0.1831   0.1149   0.0930   0.3453   0.3369   0.0926   0.3581   0.4907   0.5844    0.6352    0.7606    0.6715
c  2 4.50  5200.  0.0   0.6073   0.7018   0.7902   0.5297   0.4266   0.7675   0.5292   0.3521   0.1968    0.0309   -0.1460   -0.1399
d  2 4.50  5200.  0.0   0.2504   0.1358   0.0753   0.2972   0.4203   0.0899   0.3036   0.4280   0.5139    0.5797    0.7344    0.6442
c  2 5.00  5200.  0.0   0.5328   0.6677   0.7913   0.5333   0.3373   0.7506   0.5463   0.3659   0.2108    0.0397   -0.1445   -0.1367
d  2 5.00  5200.  0.0   0.3067   0.1577   0.0732   0.2870   0.4865   0.1003   0.2847   0.4120   0.4965    0.5708    0.7348    0.6425
c  2 3.50  5400.  0.0   0.6052   0.7186   0.7386   0.4996   0.5039   0.7539   0.4819   0.3186   0.1719    0.0254   -0.1228   -0.1198
d  2 3.50  5400.  0.0   0.2482   0.1031   0.0989   0.2984   0.3352   0.0833   0.3136   0.4208   0.4985    0.5440    0.6694    0.5858
c  2 4.00  5400.  0.0   0.6908   0.7235   0.7261   0.4655   0.5495   0.7356   0.4500   0.2793   0.1284   -0.0208   -0.1586   -0.1538
d  2 4.00  5400.  0.0   0.1974   0.1377   0.1521   0.3765   0.3301   0.1390   0.3918   0.5111   0.5952    0.6334    0.7328    0.6460
c  2 4.50  5400.  0.0   0.6316   0.6888   0.7313   0.4870   0.4753   0.7240   0.4798   0.3149   0.1689    0.0127   -0.1399   -0.1343
d  2 4.50  5400.  0.0   0.2269   0.1488   0.1326   0.3328   0.3694   0.1332   0.3438   0.4538   0.5298    0.5835    0.7076    0.6198
c  2 5.00  5400.  0.0   0.5877   0.6657   0.7312   0.4910   0.4097   0.7094   0.4936   0.3277   0.1831    0.0209   -0.1385   -0.1314
d  2 5.00  5400.  0.0   0.2522   0.1605   0.1320   0.3232   0.4121   0.1419   0.3293   0.4397   0.5128    0.5757    0.7086    0.6187
c  2 3.50  5600.  0.0   0.5738   0.7156   0.6954   0.4705   0.5191   0.7194   0.4509   0.2955   0.1557    0.0135   -0.1178   -0.1160
d  2 3.50  5600.  0.0   0.2734   0.1036   0.1381   0.3183   0.3086   0.1140   0.3340   0.4312   0.4999    0.5410    0.6436    0.5637
c  2 4.00  5600.  0.0   0.6634   0.7072   0.6741   0.4336   0.5555   0.6937   0.4160   0.2534   0.1098   -0.0324   -0.1540   -0.1501
d  2 4.00  5600.  0.0   0.2238   0.1523   0.2009   0.3992   0.3183   0.1785   0.4153   0.5238   0.5992    0.6295    0.7085    0.6252
c  2 4.50  5600.  0.0   0.6317   0.6749   0.6778   0.4509   0.5041   0.6820   0.4402   0.2842   0.1460   -0.0021   -0.1355   -0.1305
d  2 4.50  5600.  0.0   0.2278   0.1627   0.1836   0.3615   0.3380   0.1742   0.3741   0.4731   0.5401    0.5842    0.6837    0.5988
c  2 5.00  5600.  0.0   0.6087   0.6369   0.6474   0.4375   0.4610   0.6415   0.4326   0.2866   0.1569   -0.0013   -0.1468   -0.1272
d  2 5.00  5600.  0.0   0.2339   0.1927   0.2167   0.3718   0.3603   0.2125   0.3835   0.4710   0.5279    0.5852    0.6995    0.5990
c  2 3.50  5800.  0.0   0.5332   0.7148   0.6573   0.4456   0.5349   0.6857   0.4256   0.2763   0.1424    0.0040   -0.1130   -0.1119
d  2 3.50  5800.  0.0   0.3069   0.1019   0.1706   0.3337   0.2830   0.1431   0.3484   0.4379   0.4989    0.5356    0.6192    0.5419
c  2 4.00  5800.  0.0   0.6223   0.6943   0.6288   0.4064   0.5689   0.6554   0.3882   0.2327   0.0951   -0.0411   -0.1488   -0.1463
d  2 4.00  5800.  0.0   0.2615   0.1631   0.2413   0.4170   0.2969   0.2131   0.4324   0.5315   0.5989    0.6229    0.6844    0.6049
c  2 4.50  5800.  0.0   0.6178   0.6605   0.6304   0.4203   0.5301   0.6438   0.4080   0.2592   0.1275   -0.0133   -0.1306   -0.1265
d  2 4.50  5800.  0.0   0.2411   0.1767   0.2270   0.3842   0.3083   0.2100   0.3966   0.4864   0.5456    0.5813    0.6601    0.5784
c  2 5.00  5800.  0.0   0.6129   0.6198   0.5919   0.4010   0.5013   0.5969   0.3933   0.2572   0.1355   -0.0136   -0.1406   -0.1205
d  2 5.00  5800.  0.0   0.2317   0.2107   0.2689   0.4013   0.3195   0.2561   0.4136   0.4893   0.5370    0.5838    0.6750    0.5760
c  2 3.50  7000.  0.0   0.2266   0.5254   0.4569   0.3184   0.3793   0.4625   0.3082   0.1921   0.0844   -0.0348   -0.0954   -0.0938
d  2 3.50  7000.  0.0   0.5599   0.3114   0.3519   0.4205   0.4201   0.3578   0.4217   0.4633   0.4891    0.4960    0.5070    0.4343
c  2 4.00  7000.  0.0   0.3033   0.5299   0.4258   0.2838   0.4208   0.4376   0.2748   0.1541   0.0442   -0.0688   -0.1248   -0.1239
d  2 4.00  7000.  0.0   0.5459   0.3369   0.4195   0.4973   0.4278   0.4164   0.4988   0.5503   0.5802    0.5746    0.5716    0.5004
c  2 4.50  7000.  0.0   0.3518   0.5011   0.3914   0.2679   0.4174   0.4018   0.2615   0.1573   0.0607   -0.0489   -0.1101   -0.0983
d  2 4.50  7000.  0.0   0.4872   0.3487   0.4396   0.4949   0.4144   0.4373   0.4950   0.5286   0.5445    0.5430    0.5505    0.4684
c  2 5.00  7000.  0.0   0.4041   0.4948   0.3727   0.2605   0.4262   0.3843   0.2547   0.1567   0.0656   -0.0423   -0.1046   -0.0897
d  2 5.00  7000.  0.0   0.4359   0.3453   0.4540   0.4961   0.3990   0.4490   0.4976   0.5249   0.5357    0.5359    0.5460    0.4611
c  2 3.50  7200.  0.0   0.1958   0.4710   0.4126   0.2905   0.3388   0.4162   0.2826   0.1752   0.0737   -0.0412   -0.0947   -0.0935
d  2 3.50  7200.  0.0   0.5771   0.3726   0.3981   0.4465   0.4582   0.4073   0.4450   0.4745   0.4927    0.4923    0.4945    0.4229
c  2 4.00  7200.  0.0   0.2646   0.4451   0.3483   0.2262   0.3646   0.3594   0.2209   0.1181   0.0241   -0.0811   -0.1289   -0.1218
d  2 4.00  7200.  0.0   0.5750   0.4286   0.4993   0.5538   0.4836   0.4978   0.5511   0.5817   0.5939    0.5777    0.5650    0.4882
c  2 4.50  7200.  0.0   0.3115   0.4593   0.3562   0.2442   0.3820   0.3646   0.2394   0.1423   0.0512   -0.0540   -0.1083   -0.0975
d  2 4.50  7200.  0.0   0.5179   0.3942   0.4731   0.5147   0.4472   0.4741   0.5126   0.5367   0.5459    0.5378    0.5366    0.4562
c  2 5.00  7200.  0.0   0.3608   0.4604   0.3427   0.2400   0.3959   0.3512   0.2351   0.1434   0.0570   -0.0464   -0.1020   -0.0884
d  2 5.00  7200.  0.0   0.4715   0.3827   0.4806   0.5117   0.4268   0.4801   0.5115   0.5305   0.5355    0.5295    0.5311    0.4484
c  2 3.50  7400.  0.0   0.1815   0.4186   0.3727   0.2685   0.3070   0.3741   0.2628   0.1664   0.0718   -0.0402   -0.0887   -0.0865
d  2 3.50  7400.  0.0   0.5736   0.4308   0.4397   0.4661   0.4851   0.4521   0.4622   0.4769   0.4869    0.4809    0.4776    0.4048
c  2 4.00  7400.  0.0   0.2432   0.3945   0.3107   0.2050   0.3299   0.3195   0.2019   0.1096   0.0229   -0.0791   -0.1220   -0.1140
d  2 4.00  7400.  0.0   0.5830   0.4839   0.5371   0.5715   0.5145   0.5391   0.5664   0.5830   0.5864    0.5648    0.5467    0.4690
c  2 4.50  7400.  0.0   0.2765   0.4122   0.3175   0.2181   0.3443   0.3245   0.2149   0.1260   0.0413   -0.0590   -0.1067   -0.0970
d  2 4.50  7400.  0.0   0.5420   0.4456   0.5111   0.5375   0.4820   0.5146   0.5333   0.5468   0.5482    0.5327    0.5234    0.4447
c  2 5.00  7400.  0.0   0.3230   0.4199   0.3103   0.2177   0.3629   0.3164   0.2138   0.1293   0.0483   -0.0503   -0.0997   -0.0874
d  2 5.00  7400.  0.0   0.4996   0.4263   0.5105   0.5296   0.4567   0.5136   0.5277   0.5375   0.5360    0.5232    0.5170    0.4364
c  2 3.50  7600.  0.0   0.1522   0.3662   0.3279   0.2375   0.2696   0.3292   0.2334   0.1459   0.0588   -0.0460   -0.0882   -0.0870
d  2 3.50  7600.  0.0   0.5873   0.4873   0.4849   0.4936   0.5177   0.4982   0.4879   0.4903   0.4920    0.4759    0.4655    0.3948
c  2 4.00  7600.  0.0   0.2073   0.3353   0.2627   0.1733   0.2840   0.2705   0.1718   0.0899   0.0111   -0.0832   -0.1194   -0.1133
d  2 4.00  7600.  0.0   0.6065   0.5473   0.5848   0.5994   0.5570   0.5890   0.5922   0.5951   0.5894    0.5571    0.5316    0.4566
c  2 4.50  7600.  0.0   0.2451   0.3597   0.2750   0.1895   0.3052   0.2809   0.1878   0.1083   0.0310   -0.0638   -0.1053   -0.0965
d  2 4.50  7600.  0.0   0.5617   0.5027   0.5537   0.5633   0.5179   0.5593   0.5574   0.5586   0.5515    0.5275    0.5108    0.4339
c  2 5.00  7600.  0.0   0.2891   0.3738   0.2749   0.1932   0.3269   0.2791   0.1905   0.1142   0.0394   -0.0542   -0.0978   -0.0866
d  2 5.00  7600.  0.0   0.5224   0.4758   0.5443   0.5504   0.4890   0.5503   0.5468   0.5461   0.5372    0.5171    0.5036    0.4251
c  2 3.50  7800.  0.0   0.1287   0.3428   0.2989   0.2111   0.2517   0.3050   0.2077   0.1237   0.0430   -0.0547   -0.0912   -0.0896
d  2 3.50  7800.  0.0   0.5989   0.5130   0.5138   0.5173   0.5318   0.5228   0.5109   0.5072   0.5022    0.4761    0.4593    0.3894
c  2 4.00  7800.  0.0   0.1749   0.2788   0.2158   0.1414   0.2422   0.2231   0.1411   0.0693  -0.0016   -0.0881   -0.1186   -0.1140
d  2 4.00  7800.  0.0   0.6277   0.6082   0.6322   0.6283   0.5959   0.6379   0.6198   0.6095   0.5948    0.5517    0.5201    0.4476
c  2 4.50  7800.  0.0   0.2313   0.3083   0.2361   0.1666   0.2761   0.2404   0.1663   0.0984   0.0291   -0.0615   -0.0988   -0.0891
d  2 4.50  7800.  0.0   0.5615   0.5587   0.5932   0.5838   0.5425   0.6015   0.5760   0.5626   0.5461    0.5156    0.4941    0.4162
c  2 5.00  7800.  0.0   0.2582   0.3225   0.2360   0.1664   0.2897   0.2388   0.1647   0.0976   0.0300   -0.0580   -0.0961   -0.0860
d  2 5.00  7800.  0.0   0.5415   0.5309   0.5822   0.5740   0.5222   0.5907   0.5689   0.5565   0.5393    0.5111    0.4910    0.4143
c  2 3.50  8000.  0.0   0.1124   0.3797   0.2976   0.1895   0.2707   0.3207   0.1857   0.0969   0.0220   -0.0673   -0.0982   -0.0939
d  2 3.50  8000.  0.0   0.6055   0.4721   0.5117   0.5348   0.5068   0.5031   0.5288   0.5285   0.5185    0.4815    0.4587    0.3876
c  2 4.00  8000.  0.0   0.1459   0.2323   0.1763   0.1136   0.2082   0.1843   0.1137   0.0499  -0.0141   -0.0932   -0.1191   -0.1156
d  2 4.00  8000.  0.0   0.6466   0.6579   0.6715   0.6528   0.6270   0.6775   0.6438   0.6226   0.6006    0.5471    0.5108    0.4407
c  2 4.50  8000.  0.0   0.1985   0.2523   0.1922   0.1368   0.2359   0.1960   0.1372   0.0793   0.0179   -0.0648   -0.0965   -0.0889
d  2 4.50  8000.  0.0   0.5803   0.6176   0.6355   0.6089   0.5776   0.6454   0.6002   0.5737   0.5485    0.5072    0.4798    0.4049
c  2 5.00  8000.  0.0   0.2402   0.2709   0.1988   0.1427   0.2600   0.2000   0.1419   0.0858   0.0260   -0.0572   -0.0910   -0.0808
d  2 5.00  8000.  0.0   0.5459   0.5864   0.6191   0.5948   0.5470   0.6301   0.5883   0.5623   0.5360    0.5007    0.4758    0.3991
c  2 3.50  8200.  0.0   0.1019   0.4233   0.3130   0.1736   0.2897   0.3494   0.1686   0.0691  -0.0007   -0.0804   -0.1056   -0.0971
d  2 3.50  8200.  0.0   0.6067   0.4228   0.4899   0.5448   0.4822   0.4681   0.5401   0.5502   0.5363    0.4883    0.4599    0.3859
c  2 4.00  8200.  0.0   0.1177   0.2295   0.1749   0.1151   0.1958   0.1860   0.1137   0.0471  -0.0192   -0.0965   -0.1203   -0.1193
d  2 4.00  8200.  0.0   0.6652   0.6614   0.6708   0.6462   0.6353   0.6744   0.6386   0.6176   0.5979    0.5403    0.5022    0.4364
c  2 4.50  8200.  0.0   0.1689   0.2024   0.1534   0.1099   0.2011   0.1575   0.1103   0.0610   0.0062   -0.0688   -0.0962   -0.0900
d  2 4.50  8200.  0.0   0.5977   0.6701   0.6731   0.6317   0.6081   0.6838   0.6229   0.5851   0.5527    0.5009    0.4690    0.3967
c  2 5.00  8200.  0.0   0.2143   0.2157   0.1585   0.1152   0.2251   0.1588   0.1150   0.0692   0.0172   -0.0590   -0.0883   -0.0793
d  2 5.00  8200.  0.0   0.5582   0.6445   0.6580   0.6185   0.5767   0.6711   0.6110   0.5720   0.5370    0.4921    0.4623    0.3876
c  2 3.50  8400.  0.0   0.1042   0.3582   0.2586   0.1348   0.2630   0.2954   0.1297   0.0399  -0.0203   -0.0885   -0.1093   -0.0952
d  2 3.50  8400.  0.0   0.5955   0.4895   0.5436   0.5820   0.5072   0.5220   0.5774   0.5775   0.5547    0.4940    0.4608    0.3814
c  2 4.00  8400.  0.0   0.1328   0.2147   0.1445   0.0855   0.2011   0.1644   0.0847   0.0273  -0.0293   -0.0998   -0.1211   -0.1137
d  2 4.00  8400.  0.0   0.6437   0.6793   0.7049   0.6790   0.6286   0.6992   0.6706   0.6389   0.6093    0.5426    0.5019    0.4292
c  2 4.50  8400.  0.0   0.1412   0.1661   0.1248   0.0891   0.1732   0.1303   0.0886   0.0450  -0.0053   -0.0731   -0.0970   -0.0918
d  2 4.50  8400.  0.0   0.6137   0.7074   0.6994   0.6477   0.6314   0.7096   0.6395   0.5937   0.5566    0.4953    0.4600    0.3901
c  2 5.00  8400.  0.0   0.1861   0.1620   0.1198   0.0883   0.1900   0.1196   0.0880   0.0518   0.0066   -0.0619   -0.0873   -0.0798
d  2 5.00  8400.  0.0   0.5732   0.7002   0.6949   0.6410   0.6066   0.7095   0.6334   0.5823   0.5399    0.4847    0.4509    0.3788
c  2 3.50  8600.  0.0   0.0879   0.3101   0.2123   0.1087   0.2313   0.2499   0.1043   0.0287  -0.0280   -0.0882   -0.1073   -0.0960
d  2 3.50  8600.  0.0   0.6013   0.5344   0.5850   0.6018   0.5339   0.5635   0.5964   0.5812   0.5556    0.4866    0.4519    0.3760
c  2 4.00  8600.  0.0   0.1011   0.3104   0.1924   0.0864   0.2298   0.2318   0.0830   0.0068  -0.0504   -0.1103   -0.1262   -0.1169
d  2 4.00  8600.  0.0   0.6614   0.5666   0.6398   0.6615   0.5859   0.6147   0.6559   0.6428   0.6154    0.5385    0.4941    0.4220
c  2 4.50  8600.  0.0   0.1165   0.1551   0.1180   0.0859   0.1572   0.1255   0.0840   0.0411  -0.0104   -0.0748   -0.0973   -0.0946
d  2 4.50  8600.  0.0   0.6273   0.7181   0.7030   0.6453   0.6423   0.7123   0.6384   0.5894   0.5538    0.4872    0.4510    0.3850
c  2 5.00  8600.  0.0   0.1607   0.1088   0.0813   0.0616   0.1559   0.0806   0.0609   0.0346  -0.0044   -0.0646   -0.0868   -0.0807
d  2 5.00  8600.  0.0   0.5861   0.7546   0.7311   0.6631   0.6357   0.7473   0.6555   0.5924   0.5434    0.4777    0.4408    0.3712
c  2 3.50  8800.  0.0   0.0739   0.2812   0.1809   0.0889   0.2036   0.2159   0.0848   0.0171  -0.0374   -0.0904   -0.1074   -0.0979
d  2 3.50  8800.  0.0   0.6057   0.5577   0.6088   0.6138   0.5558   0.5909   0.6079   0.5846   0.5578    0.4821    0.4457    0.3725
c  2 4.00  8800.  0.0   0.0688   0.3009   0.1989   0.0835   0.2049   0.2336   0.0771  -0.0116  -0.0696   -0.1199   -0.1309   -0.1197
d  2 4.00  8800.  0.0   0.6808   0.5679   0.6190   0.6479   0.6021   0.6011   0.6454   0.6448   0.6202    0.5350    0.4875    0.4158
c  2 4.50  8800.  0.0   0.1181   0.1868   0.1217   0.0713   0.1741   0.1411   0.0686   0.0230  -0.0249   -0.0820   -0.1012   -0.0927
d  2 4.50  8800.  0.0   0.6186   0.6833   0.6970   0.6578   0.6214   0.6942   0.6516   0.6048   0.5660    0.4907    0.4513    0.3800
c  2 5.00  8800.  0.0   0.1360   0.0782   0.0598   0.0454   0.1300   0.0596   0.0439   0.0223  -0.0141   -0.0672   -0.0872   -0.0823
d  2 5.00  8800.  0.0   0.5982   0.7840   0.7485   0.6730   0.6556   0.7653   0.6660   0.5963   0.5448    0.4703    0.4316    0.3646
c  2 3.50  9000.  0.0   0.0933   0.2484   0.1408   0.0557   0.1907   0.1742   0.0529  -0.0061  -0.0548   -0.0996   -0.1138   -0.0986
d  2 3.50  9000.  0.0   0.5911   0.5933   0.6513   0.6512   0.5734   0.6350   0.6444   0.6136   0.5818    0.4969    0.4566    0.3775
c  2 4.00  9000.  0.0   0.0498   0.2437   0.1400   0.0457   0.1669   0.1744   0.0412  -0.0254  -0.0760   -0.1170   -0.1275   -0.1192
d  2 4.00  9000.  0.0   0.6859   0.6173   0.6679   0.6741   0.6304   0.6513   0.6696   0.6457   0.6142    0.5209    0.4745    0.4069
c  2 4.50  9000.  0.0   0.0706   0.2847   0.1802   0.0717   0.1866   0.2120   0.0664  -0.0043  -0.0539   -0.0972   -0.1098   -0.0987
d  2 4.50  9000.  0.0   0.6457   0.5618   0.6117   0.6309   0.5891   0.5981   0.6274   0.6069   0.5725    0.4860    0.4427    0.3725
c  2 5.00  9000.  0.0   0.0997   0.1064   0.0860   0.0626   0.1213   0.0881   0.0587   0.0248  -0.0213   -0.0748   -0.0943   -0.0885
d  2 5.00  9000.  0.0   0.6192   0.7487   0.7120   0.6429   0.6538   0.7278   0.6382   0.5790   0.5381    0.4639    0.4262    0.3611
c  2 3.50  9200.  0.0   0.0788   0.2296   0.1232   0.0458   0.1681   0.1551   0.0433  -0.0100  -0.0588   -0.1002   -0.1138   -0.1019
d  2 3.50  9200.  0.0   0.5968   0.6046   0.6588   0.6512   0.5883   0.6447   0.6441   0.6079   0.5769    0.4902    0.4499    0.3753
c  2 4.00  9200.  0.0   0.0624   0.2101   0.1050   0.0181   0.1538   0.1376   0.0145  -0.0436  -0.0891   -0.1231   -0.1314   -0.1185
d  2 4.00  9200.  0.0   0.6712   0.6510   0.7022   0.7017   0.6434   0.6877   0.6963   0.6648   0.6287    0.5284    0.4795    0.4073
c  2 4.50  9200.  0.0   0.0621   0.2342   0.1414   0.0512   0.1588   0.1692   0.0466  -0.0122  -0.0575   -0.0942   -0.1057   -0.0963
d  2 4.50  9200.  0.0   0.6424   0.6100   0.6453   0.6443   0.6109   0.6367   0.6401   0.6067   0.5683    0.4754    0.4316    0.3637
c  2 5.00  9200.  0.0   0.0853   0.1513   0.0968   0.0495   0.1307   0.1116   0.0453   0.0064  -0.0369   -0.0805   -0.0961   -0.0885
d  2 5.00  9200.  0.0   0.6223   0.6943   0.6916   0.6465   0.6356   0.6949   0.6419   0.5878   0.5451    0.4611    0.4203    0.3547
c  2 3.50  9400.  0.0   0.0620   0.1952   0.0944   0.0191   0.1394   0.1258   0.0169  -0.0347  -0.0829   -0.1196   -0.1297   -0.1207
d  2 3.50  9400.  0.0   0.6295   0.6390   0.6858   0.6781   0.6250   0.6722   0.6712   0.6359   0.6061    0.5149    0.4707    0.4018
c  2 4.00  9400.  0.0   0.0631   0.1863   0.0840   0.0058   0.1384   0.1147   0.0030  -0.0476  -0.0902   -0.1199   -0.1275   -0.1148
d  2 4.00  9400.  0.0   0.6601   0.6695   0.7158   0.7065   0.6515   0.7039   0.7004   0.6613   0.6227    0.5194    0.4704    0.3986
c  2 4.50  9400.  0.0   0.0565   0.2055   0.1152   0.0372   0.1411   0.1418   0.0332  -0.0169  -0.0597   -0.0921   -0.1028   -0.0943
d  2 4.50  9400.  0.0   0.6359   0.6343   0.6648   0.6504   0.6212   0.6581   0.6454   0.6027   0.5622    0.4657    0.4218    0.3555
c  2 5.00  9400.  0.0   0.0687   0.2287   0.1390   0.0495   0.1494   0.1641   0.0445  -0.0104  -0.0537   -0.0877   -0.0989   -0.0889
d  2 5.00  9400.  0.0   0.6250   0.6033   0.6341   0.6316   0.6046   0.6278   0.6278   0.5908   0.5496    0.4575    0.4138    0.3474
c  2 3.50  9600.  0.0   0.0610   0.1729   0.0863   0.0175   0.1254   0.1143   0.0156  -0.0308  -0.0780   -0.1139   -0.1246   -0.1171
d  2 3.50  9600.  0.0   0.6166   0.6522   0.6830   0.6691   0.6271   0.6734   0.6621   0.6216   0.5912    0.5013    0.4585    0.3911
c  2 4.00  9600.  0.0   0.0570   0.1654   0.0719   0.0026   0.1219   0.1002   0.0002  -0.0444  -0.0863   -0.1143   -0.1223   -0.1122
d  2 4.00  9600.  0.0   0.6514   0.6821   0.7168   0.6980   0.6567   0.7081   0.6915   0.6462   0.6074    0.5044    0.4569    0.3883
c  2 4.50  9600.  0.0   0.0564   0.1814   0.0949   0.0265   0.1279   0.1204   0.0232  -0.0200  -0.0605   -0.0893   -0.0995   -0.0916
d  2 4.50  9600.  0.0   0.6231   0.6535   0.6776   0.6530   0.6262   0.6729   0.6472   0.5973   0.5549    0.4557    0.4120    0.3468
c  2 5.00  9600.  0.0   0.0651   0.2137   0.1396   0.0606   0.1406   0.1594   0.0546  -0.0026  -0.0493   -0.0829   -0.0940   -0.0856
d  2 5.00  9600.  0.0   0.6134   0.6165   0.6275   0.6118   0.6052   0.6280   0.6088   0.5728   0.5353    0.4434    0.4005    0.3363
c  2 3.50  9800.  0.0   0.0654   0.1430   0.0673   0.0014   0.1114   0.0928   0.0001  -0.0427  -0.0873   -0.1204   -0.1294   -0.1214
d  2 3.50  9800.  0.0   0.6141   0.6778   0.6977   0.6827   0.6395   0.6905   0.6754   0.6331   0.6011    0.5093    0.4649    0.3975
c  2 4.00  9800.  0.0   0.0580   0.1386   0.0557  -0.0067   0.1068   0.0815  -0.0087  -0.0481  -0.0881   -0.1139   -0.1213   -0.1120
d  2 4.00  9800.  0.0   0.6434   0.7039   0.7263   0.7010   0.6658   0.7205   0.6942   0.6443   0.6041    0.5000    0.4524    0.3851
c  2 4.50  9800.  0.0   0.0578   0.1532   0.0734   0.0128   0.1134   0.0972   0.0101  -0.0272  -0.0651   -0.0902   -0.0995   -0.0916
d  2 4.50  9800.  0.0   0.6158   0.6790   0.6947   0.6622   0.6371   0.6920   0.6558   0.6004   0.5558    0.4534    0.4088    0.3442
c  2 5.00  9800.  0.0   0.0616   0.1650   0.0867   0.0214   0.1158   0.1091   0.0176  -0.0222  -0.0591   -0.0837   -0.0932   -0.0848
d  2 5.00  9800.  0.0   0.6082   0.6595   0.6736   0.6445   0.6241   0.6718   0.6393   0.5864   0.5396    0.4391    0.3949    0.3315
