                     NON LINEAR LIMB-DARKENING LAW

  VT log g Teff  log Z     

e  2 3.50  2000.  0.0   0.8928
f  2 3.50  2000.  0.0   0.2346
e  2 4.00  2000.  0.0   0.8972
f  2 4.00  2000.  0.0   0.2519
e  2 4.50  2000.  0.0   0.9000
f  2 4.50  2000.  0.0   0.2666
e  2 5.00  2000.  0.0   0.8922
f  2 5.00  2000.  0.0   0.2732
e  2 3.50  2200.  0.0   0.8671
f  2 3.50  2200.  0.0   0.2839
e  2 4.00  2200.  0.0   0.8698
f  2 4.00  2200.  0.0   0.3009
e  2 4.50  2200.  0.0   0.8802
f  2 4.50  2200.  0.0   0.3066
e  2 5.00  2200.  0.0   0.8804
f  2 5.00  2200.  0.0   0.3164
e  2 3.50  2400.  0.0   0.8330
f  2 3.50  2400.  0.0   0.3501
e  2 4.00  2400.  0.0   0.8307
f  2 4.00  2400.  0.0   0.3623
e  2 4.50  2400.  0.0   0.8443
f  2 4.50  2400.  0.0   0.3620
e  2 5.00  2400.  0.0   0.8538
f  2 5.00  2400.  0.0   0.3672
e  2 3.50  2600.  0.0   0.7728
f  2 3.50  2600.  0.0   0.4275
e  2 4.00  2600.  0.0   0.7778
f  2 4.00  2600.  0.0   0.4143
e  2 4.50  2600.  0.0   0.7872
f  2 4.50  2600.  0.0   0.4151
e  2 5.00  2600.  0.0   0.8064
f  2 5.00  2600.  0.0   0.4168
e  2 3.50  2800.  0.0   0.7006
f  2 3.50  2800.  0.0   0.4635
e  2 4.00  2800.  0.0   0.7055
f  2 4.00  2800.  0.0   0.4378
e  2 4.50  2800.  0.0   0.7168
f  2 4.50  2800.  0.0   0.4357
e  2 5.00  2800.  0.0   0.7371
f  2 5.00  2800.  0.0   0.4371
e  2 3.50  3000.  0.0   0.6518
f  2 3.50  3000.  0.0   0.4590
e  2 4.00  3000.  0.0   0.6361
f  2 4.00  3000.  0.0   0.4503
e  2 4.50  3000.  0.0   0.6416
f  2 4.50  3000.  0.0   0.4432
e  2 5.00  3000.  0.0   0.6667
f  2 5.00  3000.  0.0   0.4374
e  2 3.50  3200.  0.0   0.6344
f  2 3.50  3200.  0.0   0.3782
e  2 4.00  3200.  0.0   0.6023
f  2 4.00  3200.  0.0   0.4112
e  2 4.50  3200.  0.0   0.5966
f  2 4.50  3200.  0.0   0.4220
e  2 5.00  3200.  0.0   0.6058
f  2 5.00  3200.  0.0   0.4303
e  2 3.50  3400.  0.0   0.6455
f  2 3.50  3400.  0.0   0.2099
e  2 4.00  3400.  0.0   0.5974
f  2 4.00  3400.  0.0   0.3019
e  2 4.50  3400.  0.0   0.5683
f  2 4.50  3400.  0.0   0.3622
e  2 5.00  3400.  0.0   0.5658
f  2 5.00  3400.  0.0   0.3961
e  2 3.50  3600.  0.0   0.6659
f  2 3.50  3600.  0.0   0.1127
e  2 4.00  3600.  0.0   0.6266
f  2 4.00  3600.  0.0   0.2075
e  2 4.50  3600.  0.0   0.5719
f  2 4.50  3600.  0.0   0.3078
e  2 5.00  3600.  0.0   0.5413
f  2 5.00  3600.  0.0   0.3505
e  2 3.50  3800.  0.0   0.7007
f  2 3.50  3800.  0.0   0.1330
e  2 4.00  3800.  0.0   0.6613
f  2 4.00  3800.  0.0   0.1896
e  2 4.50  3800.  0.0   0.6066
f  2 4.50  3800.  0.0   0.2765
e  2 5.00  3800.  0.0   0.5519
f  2 5.00  3800.  0.0   0.3429
e  2 3.50  4000.  0.0   0.6319
f  2 3.50  4000.  0.0   0.2885
e  2 4.00  4000.  0.0   0.6628
f  2 4.00  4000.  0.0   0.2738
e  2 4.50  4000.  0.0   0.6344
f  2 4.50  4000.  0.0   0.2602
e  2 5.00  4000.  0.0   0.5734
f  2 5.00  4000.  0.0   0.3295
e  2 3.50  4200.  0.0   0.5971
f  2 3.50  4200.  0.0   0.2755
e  2 4.00  4200.  0.0   0.6580
f  2 4.00  4200.  0.0   0.3073
e  2 4.50  4200.  0.0   0.6703
f  2 4.50  4200.  0.0   0.2750
e  2 5.00  4200.  0.0   0.6104
f  2 5.00  4200.  0.0   0.3076
e  2 3.50  4400.  0.0   0.5807
f  2 3.50  4400.  0.0   0.2673
e  2 4.00  4400.  0.0   0.6452
f  2 4.00  4400.  0.0   0.3225
e  2 4.50  4400.  0.0   0.6204
f  2 4.50  4400.  0.0   0.2974
e  2 5.00  4400.  0.0   0.6313
f  2 5.00  4400.  0.0   0.2939
e  2 3.50  4600.  0.0   0.5608
f  2 3.50  4600.  0.0   0.2536
e  2 4.00  4600.  0.0   0.6285
f  2 4.00  4600.  0.0   0.3183
e  2 4.50  4600.  0.0   0.5979
f  2 4.50  4600.  0.0   0.2931
e  2 5.00  4600.  0.0   0.5972
f  2 5.00  4600.  0.0   0.2903
e  2 3.50  4800.  0.0   0.5467
f  2 3.50  4800.  0.0   0.2457
e  2 4.00  4800.  0.0   0.6158
f  2 4.00  4800.  0.0   0.3151
e  2 4.50  4800.  0.0   0.5821
f  2 4.50  4800.  0.0   0.2874
e  2 5.00  4800.  0.0   0.5727
f  2 5.00  4800.  0.0   0.2795
e  2 3.50  5000.  0.0   0.5439
f  2 3.50  5000.  0.0   0.2516
e  2 4.00  5000.  0.0   0.5726
f  2 4.00  5000.  0.0   0.2871
e  2 4.50  5000.  0.0   0.5586
f  2 4.50  5000.  0.0   0.2724
e  2 5.00  5000.  0.0   0.5548
f  2 5.00  5000.  0.0   0.2710
e  2 3.50  5200.  0.0   0.5290
f  2 3.50  5200.  0.0   0.2499
e  2 4.00  5200.  0.0   0.5568
f  2 4.00  5200.  0.0   0.2817
e  2 4.50  5200.  0.0   0.5448
f  2 4.50  5200.  0.0   0.2662
e  2 5.00  5200.  0.0   0.5418
f  2 5.00  5200.  0.0   0.2648
e  2 3.50  5400.  0.0   0.5133
f  2 3.50  5400.  0.0   0.2482
e  2 4.00  5400.  0.0   0.5418
f  2 4.00  5400.  0.0   0.2801
e  2 4.50  5400.  0.0   0.5312
f  2 4.50  5400.  0.0   0.2633
e  2 5.00  5400.  0.0   0.5292
f  2 5.00  5400.  0.0   0.2602
e  2 3.50  5600.  0.0   0.4975
f  2 3.50  5600.  0.0   0.2451
e  2 4.00  5600.  0.0   0.5273
f  2 4.00  5600.  0.0   0.2787
e  2 4.50  5600.  0.0   0.5176
f  2 4.50  5600.  0.0   0.2617
e  2 5.00  5600.  0.0   0.5177
f  2 5.00  5600.  0.0   0.2609
e  2 3.50  5800.  0.0   0.4819
f  2 3.50  5800.  0.0   0.2402
e  2 4.00  5800.  0.0   0.5124
f  2 4.00  5800.  0.0   0.2751
e  2 4.50  5800.  0.0   0.5037
f  2 4.50  5800.  0.0   0.2589
e  2 5.00  5800.  0.0   0.5048
f  2 5.00  5800.  0.0   0.2583
e  2 3.50  7000.  0.0   0.4099
f  2 3.50  7000.  0.0   0.2165
e  2 4.00  7000.  0.0   0.4423
f  2 4.00  7000.  0.0   0.2488
e  2 4.50  7000.  0.0   0.4345
f  2 4.50  7000.  0.0   0.2368
e  2 5.00  7000.  0.0   0.4345
f  2 5.00  7000.  0.0   0.2342
e  2 3.50  7200.  0.0   0.4016
f  2 3.50  7200.  0.0   0.2162
e  2 4.00  7200.  0.0   0.4343
f  2 4.00  7200.  0.0   0.2520
e  2 4.50  7200.  0.0   0.4255
f  2 4.50  7200.  0.0   0.2351
e  2 5.00  7200.  0.0   0.4252
f  2 5.00  7200.  0.0   0.2317
e  2 3.50  7400.  0.0   0.3936
f  2 3.50  7400.  0.0   0.2127
e  2 4.00  7400.  0.0   0.4260
f  2 4.00  7400.  0.0   0.2477
e  2 4.50  7400.  0.0   0.4170
f  2 4.50  7400.  0.0   0.2340
e  2 5.00  7400.  0.0   0.4163
f  2 5.00  7400.  0.0   0.2297
e  2 3.50  7600.  0.0   0.3849
f  2 3.50  7600.  0.0   0.2127
e  2 4.00  7600.  0.0   0.4166
f  2 4.00  7600.  0.0   0.2467
e  2 4.50  7600.  0.0   0.4088
f  2 4.50  7600.  0.0   0.2335
e  2 5.00  7600.  0.0   0.4079
f  2 5.00  7600.  0.0   0.2283
e  2 3.50  7800.  0.0   0.3780
f  2 3.50  7800.  0.0   0.2137
e  2 4.00  7800.  0.0   0.4086
f  2 4.00  7800.  0.0   0.2469
e  2 4.50  7800.  0.0   0.4014
f  2 4.50  7800.  0.0   0.2297
e  2 5.00  7800.  0.0   0.3998
f  2 5.00  7800.  0.0   0.2273
e  2 3.50  8000.  0.0   0.3718
f  2 3.50  8000.  0.0   0.2149
e  2 4.00  8000.  0.0   0.4013
f  2 4.00  8000.  0.0   0.2473
e  2 4.50  8000.  0.0   0.3922
f  2 4.50  8000.  0.0   0.2286
e  2 5.00  8000.  0.0   0.3922
f  2 5.00  8000.  0.0   0.2244
e  2 3.50  8200.  0.0   0.3662
f  2 3.50  8200.  0.0   0.2159
e  2 4.00  8200.  0.0   0.3940
f  2 4.00  8200.  0.0   0.2449
e  2 4.50  8200.  0.0   0.3842
f  2 4.50  8200.  0.0   0.2283
e  2 5.00  8200.  0.0   0.3840
f  2 5.00  8200.  0.0   0.2230
e  2 3.50  8400.  0.0   0.3635
f  2 3.50  8400.  0.0   0.2196
e  2 4.00  8400.  0.0   0.3935
f  2 4.00  8400.  0.0   0.2463
e  2 4.50  8400.  0.0   0.3766
f  2 4.50  8400.  0.0   0.2277
e  2 5.00  8400.  0.0   0.3760
f  2 5.00  8400.  0.0   0.2223
e  2 3.50  8600.  0.0   0.3573
f  2 3.50  8600.  0.0   0.2188
e  2 4.00  8600.  0.0   0.3816
f  2 4.00  8600.  0.0   0.2414
e  2 4.50  8600.  0.0   0.3693
f  2 4.50  8600.  0.0   0.2252
e  2 5.00  8600.  0.0   0.3684
f  2 5.00  8600.  0.0   0.2219
e  2 3.50  8800.  0.0   0.3512
f  2 3.50  8800.  0.0   0.2181
e  2 4.00  8800.  0.0   0.3707
f  2 4.00  8800.  0.0   0.2392
e  2 4.50  8800.  0.0   0.3664
f  2 4.50  8800.  0.0   0.2252
e  2 5.00  8800.  0.0   0.3607
f  2 5.00  8800.  0.0   0.2205
e  2 3.50  9000.  0.0   0.3548
f  2 3.50  9000.  0.0   0.2249
e  2 4.00  9000.  0.0   0.3615
f  2 4.00  9000.  0.0   0.2369
e  2 4.50  9000.  0.0   0.3497
f  2 4.50  9000.  0.0   0.2197
e  2 5.00  9000.  0.0   0.3502
f  2 5.00  9000.  0.0   0.2161
e  2 3.50  9200.  0.0   0.3484
f  2 3.50  9200.  0.0   0.2231
e  2 4.00  9200.  0.0   0.3620
f  2 4.00  9200.  0.0   0.2407
e  2 4.50  9200.  0.0   0.3434
f  2 4.50  9200.  0.0   0.2176
e  2 5.00  9200.  0.0   0.3430
f  2 5.00  9200.  0.0   0.2138
e  2 3.50  9400.  0.0   0.3519
f  2 3.50  9400.  0.0   0.2349
e  2 4.00  9400.  0.0   0.3569
f  2 4.00  9400.  0.0   0.2378
e  2 4.50  9400.  0.0   0.3371
f  2 4.50  9400.  0.0   0.2148
e  2 5.00  9400.  0.0   0.3339
f  2 5.00  9400.  0.0   0.2097
e  2 3.50  9600.  0.0   0.3450
f  2 3.50  9600.  0.0   0.2296
e  2 4.00  9600.  0.0   0.3492
f  2 4.00  9600.  0.0   0.2324
e  2 4.50  9600.  0.0   0.3312
f  2 4.50  9600.  0.0   0.2116
e  2 5.00  9600.  0.0   0.3268
f  2 5.00  9600.  0.0   0.2040
e  2 3.50  9800.  0.0   0.3455
f  2 3.50  9800.  0.0   0.2334
e  2 4.00  9800.  0.0   0.3456
f  2 4.00  9800.  0.0   0.2312
e  2 4.50  9800.  0.0   0.3282
f  2 4.50  9800.  0.0   0.2115
e  2 5.00  9800.  0.0   0.3221
f  2 5.00  9800.  0.0   0.2048
