                     NON LINEAR LIMB-DARKENING LAW

  VT log g Teff  log Z    

c  2 3.50  2000.  0.0   0.4453
d  2 3.50  2000.  0.0   0.4955
c  2 4.00  2000.  0.0   0.4206
d  2 4.00  2000.  0.0   0.5268
c  2 4.50  2000.  0.0   0.3977
d  2 4.50  2000.  0.0   0.5548
c  2 5.00  2000.  0.0   0.3768
d  2 5.00  2000.  0.0   0.5694
c  2 3.50  2200.  0.0   0.3287
d  2 3.50  2200.  0.0   0.5954
c  2 4.00  2200.  0.0   0.3032
d  2 4.00  2200.  0.0   0.6257
c  2 4.50  2200.  0.0   0.3054
d  2 4.50  2200.  0.0   0.6343
c  2 5.00  2200.  0.0   0.2876
d  2 5.00  2200.  0.0   0.6540
c  2 3.50  2400.  0.0   0.1738
d  2 3.50  2400.  0.0   0.7281
c  2 4.00  2400.  0.0   0.1503
d  2 4.00  2400.  0.0   0.7510
c  2 4.50  2400.  0.0   0.1673
d  2 4.50  2400.  0.0   0.7467
c  2 5.00  2400.  0.0   0.1685
d  2 5.00  2400.  0.0   0.7555
c  2 3.50  2600.  0.0  -0.0272
d  2 3.50  2600.  0.0   0.8824
c  2 4.00  2600.  0.0   0.0008
d  2 4.00  2600.  0.0   0.8575
c  2 4.50  2600.  0.0   0.0103
d  2 4.50  2600.  0.0   0.8570
c  2 5.00  2600.  0.0   0.0287
d  2 5.00  2600.  0.0   0.8574
c  2 3.50  2800.  0.0  -0.1646
d  2 3.50  2800.  0.0   0.9538
c  2 4.00  2800.  0.0  -0.1148
d  2 4.00  2800.  0.0   0.9050
c  2 4.50  2800.  0.0  -0.0987
d  2 4.50  2800.  0.0   0.8996
c  2 5.00  2800.  0.0  -0.0794
d  2 5.00  2800.  0.0   0.9003
c  2 3.50  3000.  0.0  -0.2050
d  2 3.50  3000.  0.0   0.9447
c  2 4.00  3000.  0.0  -0.2062
d  2 4.00  3000.  0.0   0.9289
c  2 4.50  3000.  0.0  -0.1867
d  2 4.50  3000.  0.0   0.9134
c  2 5.00  3000.  0.0  -0.1494
d  2 5.00  3000.  0.0   0.8997
c  2 3.50  3200.  0.0  -0.0797
d  2 3.50  3200.  0.0   0.7892
c  2 4.00  3200.  0.0  -0.1686
d  2 4.00  3200.  0.0   0.8508
c  2 4.50  3200.  0.0  -0.1923
d  2 4.50  3200.  0.0   0.8701
c  2 5.00  3200.  0.0  -0.1966
d  2 5.00  3200.  0.0   0.8844
c  2 3.50  3400.  0.0   0.2362
d  2 3.50  3400.  0.0   0.4551
c  2 4.00  3400.  0.0   0.0298
d  2 4.00  3400.  0.0   0.6266
c  2 4.50  3400.  0.0  -0.1072
d  2 4.50  3400.  0.0   0.7447
c  2 5.00  3400.  0.0  -0.1713
d  2 5.00  3400.  0.0   0.8121
c  2 3.50  3600.  0.0   0.4438
d  2 3.50  3600.  0.0   0.2474
c  2 4.00  3600.  0.0   0.2389
d  2 4.00  3600.  0.0   0.4275
c  2 4.50  3600.  0.0   0.0039
d  2 4.50  3600.  0.0   0.6249
c  2 5.00  3600.  0.0  -0.1069
d  2 5.00  3600.  0.0   0.7133
c  2 3.50  3800.  0.0   0.4517
d  2 3.50  3800.  0.0   0.2747
c  2 4.00  3800.  0.0   0.3105
d  2 4.00  3800.  0.0   0.3862
c  2 4.50  3800.  0.0   0.0986
d  2 4.50  3800.  0.0   0.5583
c  2 5.00  3800.  0.0  -0.0790
d  2 5.00  3800.  0.0   0.6935
c  2 3.50  4000.  0.0   0.0949
d  2 3.50  4000.  0.0   0.5918
c  2 4.00  4000.  0.0   0.1565
d  2 4.00  4000.  0.0   0.5572
c  2 4.50  4000.  0.0   0.1549
d  2 4.50  4000.  0.0   0.5273
c  2 5.00  4000.  0.0  -0.0334
d  2 5.00  4000.  0.0   0.6673
c  2 3.50  4200.  0.0   0.0834
d  2 3.50  4200.  0.0   0.5662
c  2 4.00  4200.  0.0   0.0862
d  2 4.00  4200.  0.0   0.6300
c  2 4.50  4200.  0.0   0.1639
d  2 4.50  4200.  0.0   0.5568
c  2 5.00  4200.  0.0   0.0419
d  2 5.00  4200.  0.0   0.6255
c  2 3.50  4400.  0.0   0.0825
d  2 3.50  4400.  0.0   0.5492
c  2 4.00  4400.  0.0   0.0423
d  2 4.00  4400.  0.0   0.6649
c  2 4.50  4400.  0.0   0.0658
d  2 4.50  4400.  0.0   0.6114
c  2 5.00  4400.  0.0   0.0870
d  2 5.00  4400.  0.0   0.5991
c  2 3.50  4600.  0.0   0.0882
d  2 3.50  4600.  0.0   0.5209
c  2 4.00  4600.  0.0   0.0319
d  2 4.00  4600.  0.0   0.6582
c  2 4.50  4600.  0.0   0.0498
d  2 4.50  4600.  0.0   0.6045
c  2 5.00  4600.  0.0   0.0555
d  2 5.00  4600.  0.0   0.5971
c  2 3.50  4800.  0.0   0.0891
d  2 3.50  4800.  0.0   0.5043
c  2 4.00  4800.  0.0   0.0244
d  2 4.00  4800.  0.0   0.6528
c  2 4.50  4800.  0.0   0.0442
d  2 4.50  4800.  0.0   0.5934
c  2 5.00  4800.  0.0   0.0501
d  2 5.00  4800.  0.0   0.5764
c  2 3.50  5000.  0.0   0.0736
d  2 3.50  5000.  0.0   0.5188
c  2 4.00  5000.  0.0   0.0337
d  2 4.00  5000.  0.0   0.5947
c  2 4.50  5000.  0.0   0.0487
d  2 4.50  5000.  0.0   0.5625
c  2 5.00  5000.  0.0   0.0480
d  2 5.00  5000.  0.0   0.5589
c  2 3.50  5200.  0.0   0.0627
d  2 3.50  5200.  0.0   0.5141
c  2 4.00  5200.  0.0   0.0286
d  2 4.00  5200.  0.0   0.5830
c  2 4.50  5200.  0.0   0.0467
d  2 4.50  5200.  0.0   0.5494
c  2 5.00  5200.  0.0   0.0466
d  2 5.00  5200.  0.0   0.5461
c  2 3.50  5400.  0.0   0.0504
d  2 3.50  5400.  0.0   0.5102
c  2 4.00  5400.  0.0   0.0169
d  2 4.00  5400.  0.0   0.5791
c  2 4.50  5400.  0.0   0.0387
d  2 4.50  5400.  0.0   0.5432
c  2 5.00  5400.  0.0   0.0427
d  2 5.00  5400.  0.0   0.5366
c  2 3.50  5600.  0.0   0.0409
d  2 3.50  5600.  0.0   0.5032
c  2 4.00  5600.  0.0   0.0053
d  2 4.00  5600.  0.0   0.5759
c  2 4.50  5600.  0.0   0.0285
d  2 4.50  5600.  0.0   0.5394
c  2 5.00  5600.  0.0   0.0312
d  2 5.00  5600.  0.0   0.5362
c  2 3.50  5800.  0.0   0.0347
d  2 3.50  5800.  0.0   0.4928
c  2 4.00  5800.  0.0  -0.0028
d  2 4.00  5800.  0.0   0.5684
c  2 4.50  5800.  0.0   0.0202
d  2 4.50  5800.  0.0   0.5332
c  2 5.00  5800.  0.0   0.0236
d  2 5.00  5800.  0.0   0.5303
c  2 3.50  7000.  0.0   0.0070
d  2 3.50  7000.  0.0   0.4439
c  2 4.00  7000.  0.0  -0.0230
d  2 4.00  7000.  0.0   0.5132
c  2 4.50  7000.  0.0  -0.0062
d  2 4.50  7000.  0.0   0.4856
c  2 5.00  7000.  0.0  -0.0007
d  2 5.00  7000.  0.0   0.4794
c  2 3.50  7200.  0.0  -0.0008
d  2 3.50  7200.  0.0   0.4433
c  2 4.00  7200.  0.0  -0.0360
d  2 4.00  7200.  0.0   0.5186
c  2 4.50  7200.  0.0  -0.0119
d  2 4.50  7200.  0.0   0.4820
c  2 5.00  7200.  0.0  -0.0053
d  2 5.00  7200.  0.0   0.4743
c  2 3.50  7400.  0.0  -0.0021
d  2 3.50  7400.  0.0   0.4360
c  2 4.00  7400.  0.0  -0.0360
d  2 4.00  7400.  0.0   0.5093
c  2 4.50  7400.  0.0  -0.0183
d  2 4.50  7400.  0.0   0.4795
c  2 5.00  7400.  0.0  -0.0105
d  2 5.00  7400.  0.0   0.4701
c  2 3.50  7600.  0.0  -0.0110
d  2 3.50  7600.  0.0   0.4363
c  2 4.00  7600.  0.0  -0.0437
d  2 4.00  7600.  0.0   0.5075
c  2 4.50  7600.  0.0  -0.0252
d  2 4.50  7600.  0.0   0.4782
c  2 5.00  7600.  0.0  -0.0160
d  2 5.00  7600.  0.0   0.4669
c  2 3.50  7800.  0.0  -0.0202
d  2 3.50  7800.  0.0   0.4389
c  2 4.00  7800.  0.0  -0.0522
d  2 4.00  7800.  0.0   0.5080
c  2 4.50  7800.  0.0  -0.0254
d  2 4.50  7800.  0.0   0.4701
c  2 5.00  7800.  0.0  -0.0223
d  2 5.00  7800.  0.0   0.4648
c  2 3.50  8000.  0.0  -0.0293
d  2 3.50  8000.  0.0   0.4423
c  2 4.00  8000.  0.0  -0.0604
d  2 4.00  8000.  0.0   0.5090
c  2 4.50  8000.  0.0  -0.0328
d  2 4.50  8000.  0.0   0.4681
c  2 5.00  8000.  0.0  -0.0243
d  2 5.00  8000.  0.0   0.4586
c  2 3.50  8200.  0.0  -0.0373
d  2 3.50  8200.  0.0   0.4451
c  2 4.00  8200.  0.0  -0.0639
d  2 4.00  8200.  0.0   0.5050
c  2 4.50  8200.  0.0  -0.0404
d  2 4.50  8200.  0.0   0.4678
c  2 5.00  8200.  0.0  -0.0298
d  2 5.00  8200.  0.0   0.4557
c  2 3.50  8400.  0.0  -0.0467
d  2 3.50  8400.  0.0   0.4523
c  2 4.00  8400.  0.0  -0.0661
d  2 4.00  8400.  0.0   0.5067
c  2 4.50  8400.  0.0  -0.0473
d  2 4.50  8400.  0.0   0.4670
c  2 5.00  8400.  0.0  -0.0368
d  2 5.00  8400.  0.0   0.4546
c  2 3.50  8600.  0.0  -0.0520
d  2 3.50  8600.  0.0   0.4514
c  2 4.00  8600.  0.0  -0.0703
d  2 4.00  8600.  0.0   0.4985
c  2 4.50  8600.  0.0  -0.0506
d  2 4.50  8600.  0.0   0.4628
c  2 5.00  8600.  0.0  -0.0438
d  2 5.00  8600.  0.0   0.4541
c  2 3.50  8800.  0.0  -0.0575
d  2 3.50  8800.  0.0   0.4509
c  2 4.00  8800.  0.0  -0.0780
d  2 4.00  8800.  0.0   0.4951
c  2 4.50  8800.  0.0  -0.0534
d  2 4.50  8800.  0.0   0.4627
c  2 5.00  8800.  0.0  -0.0493
d  2 5.00  8800.  0.0   0.4516
c  2 3.50  9000.  0.0  -0.0659
d  2 3.50  9000.  0.0   0.4640
c  2 4.00  9000.  0.0  -0.0831
d  2 4.00  9000.  0.0   0.4907
c  2 4.50  9000.  0.0  -0.0614
d  2 4.50  9000.  0.0   0.4535
c  2 5.00  9000.  0.0  -0.0526
d  2 5.00  9000.  0.0   0.4439
c  2 3.50  9200.  0.0  -0.0696
d  2 3.50  9200.  0.0   0.4612
c  2 4.00  9200.  0.0  -0.0892
d  2 4.00  9200.  0.0   0.4978
c  2 4.50  9200.  0.0  -0.0639
d  2 4.50  9200.  0.0   0.4493
c  2 5.00  9200.  0.0  -0.0561
d  2 5.00  9200.  0.0   0.4400
c  2 3.50  9400.  0.0  -0.0894
d  2 3.50  9400.  0.0   0.4871
c  2 4.00  9400.  0.0  -0.0888
d  2 4.00  9400.  0.0   0.4919
c  2 4.50  9400.  0.0  -0.0652
d  2 4.50  9400.  0.0   0.4439
c  2 5.00  9400.  0.0  -0.0582
d  2 5.00  9400.  0.0   0.4325
c  2 3.50  9600.  0.0  -0.0864
d  2 3.50  9600.  0.0   0.4763
c  2 4.00  9600.  0.0  -0.0867
d  2 4.00  9600.  0.0   0.4810
c  2 4.50  9600.  0.0  -0.0651
d  2 4.50  9600.  0.0   0.4371
c  2 5.00  9600.  0.0  -0.0549
d  2 5.00  9600.  0.0   0.4211
c  2 3.50  9800.  0.0  -0.0933
d  2 3.50  9800.  0.0   0.4844
c  2 4.00  9800.  0.0  -0.0882
d  2 4.00  9800.  0.0   0.4787
c  2 4.50  9800.  0.0  -0.0679
d  2 4.50  9800.  0.0   0.4370
c  2 5.00  9800.  0.0  -0.0610
d  2 5.00  9800.  0.0   0.4226
