                                        NON LINEAR LIMB-DARKENING LAW

                          u        v       b        y        U        B        V        R        I         J         H         K
    log g Teff  log Z

a1  3.50  2000.  0.0  -0.2156  -0.2306  -0.1998  -0.0294  -0.2139  -0.1745  -0.0525   0.0130   0.1038    0.4094    0.7985    1.2290
a2  3.50  2000.  0.0   0.6624   0.5744   0.9326   0.2019   0.5975   0.6169   0.3707   0.4853   0.5765    1.5731    0.6276   -0.2192
a3  3.50  2000.  0.0  -1.1089  -0.2486  -1.7663   0.0590  -0.6386  -0.8087  -0.1637   0.0834   0.1738   -1.4930   -0.6535   -0.1071
a4  3.50  2000.  0.0   1.6260   0.8632   2.0154   0.7632   1.2181   1.3413   0.8387   0.4158   0.1447    0.5127    0.2286    0.0679
a1  4.00  2000.  0.0  -0.1725  -0.1883  -0.1806  -0.0212  -0.1594  -0.1522  -0.0419   0.0316   0.1314    0.4630    0.7993    1.2143
a2  4.00  2000.  0.0   0.5323   0.6597   0.8655   0.1993   0.4625   0.6296   0.3691   0.5035   0.6110    1.3364    0.5399   -0.3175
a3  4.00  2000.  0.0  -0.5748  -0.3105  -1.5069   0.2624  -0.0895  -0.6579   0.0180   0.1598   0.1147   -1.1967   -0.5170    0.0665
a4  4.00  2000.  0.0   1.1889   0.8104   1.8065   0.5553   0.7605   1.1614   0.6494   0.3033   0.1424    0.3973    0.1707   -0.0100
a1  4.50  2000.  0.0  -0.1212  -0.1437  -0.1797  -0.0303  -0.1011  -0.1470  -0.0368   0.0486   0.1491    0.4597    0.7307    1.2415
a2  4.50  2000.  0.0   0.3881   0.6306   0.8752   0.2684   0.3353   0.6895   0.3877   0.4937   0.6067    1.2503    0.6250   -0.5989
a3  4.50  2000.  0.0  -0.0965  -0.0485  -1.3889   0.3008   0.2946  -0.5643   0.1136   0.2205   0.0965   -1.0485   -0.5257    0.4880
a4  4.50  2000.  0.0   0.8121   0.5413   1.6789   0.4569   0.4547   1.0059   0.5306   0.2360   0.1476    0.3346    0.1552   -0.1883
a1  5.00  2000.  0.0  -0.0646  -0.0654  -0.1171  -0.0365  -0.0551  -0.0957  -0.0224   0.0698   0.1681    0.4502    0.6790    1.3550
a2  5.00  2000.  0.0   0.2448   0.4642   0.5780   0.3328   0.2819   0.5476   0.3757   0.4642   0.5934    1.2139    0.7032   -1.1134
a3  5.00  2000.  0.0   0.3304   0.3700  -0.7136   0.3442   0.5003  -0.1572   0.2672   0.3088   0.0913   -0.9705   -0.5780    1.1146
a4  5.00  2000.  0.0   0.4792   0.2191   1.2424   0.3552   0.2632   0.6942   0.3756   0.1566   0.1475    0.2985    0.1760   -0.4223
a1  3.50  2200.  0.0  -0.1629  -0.2715  -0.0664   0.0339  -0.1653  -0.1030   0.0232   0.0369   0.1021    0.8457    1.1409    1.5553
a2  3.50  2200.  0.0   0.1893   0.6815   0.2785  -0.1079   0.2548   0.2367   0.0079   0.3476   0.5195    0.9770    0.0090   -0.9560
a3  3.50  2200.  0.0   0.4061   0.3391  -0.4131   0.7313   0.5432   0.2576   0.5379   0.3086   0.2728   -1.3533   -0.2637    0.4741
a4  3.50  2200.  0.0   0.5292   0.2059   1.1930   0.3424   0.3305   0.5896   0.4300   0.3064   0.1050    0.5434    0.1145   -0.1122
a1  4.00  2200.  0.0  -0.1253  -0.1322  -0.0410   0.0261  -0.1434  -0.0658   0.0190   0.0449   0.1289    0.8616    1.1385    1.5217
a2  4.00  2200.  0.0   0.2187   0.4056   0.1844  -0.0140   0.4166   0.2255   0.0901   0.4422   0.5942    0.8198   -0.0656   -0.9698
a3  4.00  2200.  0.0   0.4640   0.5886  -0.0899   0.7922   0.3969   0.3532   0.5972   0.2943   0.1501   -1.1142   -0.1490    0.5269
a4  4.00  2200.  0.0   0.4167   0.1123   0.9409   0.1953   0.3040   0.4741   0.2928   0.2180   0.1265    0.4392    0.0665   -0.1378
a1  4.50  2200.  0.0  -0.1104  -0.0993  -0.0697   0.0042  -0.1097  -0.0829  -0.0009   0.0505   0.1437    0.7674    1.0186    1.4008
a2  4.50  2200.  0.0   0.3571   0.5653   0.3857   0.1512   0.4755   0.4711   0.2498   0.5054   0.5980    0.9408    0.1700   -0.7726
a3  4.50  2200.  0.0   0.2971   0.2073  -0.4336   0.6021   0.3863  -0.0631   0.4048   0.2302   0.0926   -1.1463   -0.3298    0.4117
a4  4.50  2200.  0.0   0.4384   0.3103   1.1110   0.2412   0.2306   0.6641   0.3445   0.2133   0.1653    0.4373    0.1234   -0.1132
a1  5.00  2200.  0.0  -0.0759  -0.0701  -0.0720  -0.0219  -0.0628  -0.0801  -0.0028   0.0719   0.1666    0.6881    0.9026    1.3899
a2  5.00  2200.  0.0   0.3667   0.6200   0.4139   0.3450   0.4662   0.5705   0.3359   0.4964   0.5696    1.0430    0.4228   -1.0005
a3  5.00  2200.  0.0   0.4378   0.2924  -0.3247   0.4144   0.4748  -0.0625   0.3933   0.2852   0.0926   -1.1805   -0.5530    0.8214
a4  5.00  2200.  0.0   0.2601   0.1465   0.9764   0.2599   0.1115   0.5632   0.2716   0.1463   0.1711    0.4409    0.2021   -0.2969
a1  3.50  2400.  0.0  -0.2893  -0.3746   0.0085   0.0386  -0.2806  -0.1185   0.0504   0.0740   0.1358    1.4897    1.5420    1.8738
a2  3.50  2400.  0.0   0.7647   1.5820  -0.1245  -0.0993   0.8905   0.4247  -0.0984   0.2704   0.4775   -0.5346   -0.9088   -1.8603
a3  3.50  2400.  0.0   0.4026  -0.4469   0.8976   1.2060   0.3746   0.6399   1.1695   0.6642   0.4544   -0.0407    0.4752    1.3311
a4  3.50  2400.  0.0   0.0727   0.1898   0.2160  -0.1447  -0.0292   0.0360  -0.1205  -0.0071  -0.0670    0.1030   -0.1216   -0.4126
a1  4.00  2400.  0.0  -0.2020  -0.2325   0.0027   0.0331  -0.1711  -0.0809   0.0464   0.0908   0.1817    1.4806    1.5313    1.8431
a2  4.00  2400.  0.0   0.6252   1.1644  -0.0469   0.0389   0.7264   0.4086   0.0378   0.4003   0.4891   -0.5729   -0.9536   -1.8587
a3  4.00  2400.  0.0   0.5395  -0.0112   0.9222   1.1096   0.4571   0.6637   1.0695   0.5113   0.3860    0.0288    0.5548    1.3492
a4  4.00  2400.  0.0   0.0043   0.0475   0.1195  -0.1812  -0.0408  -0.0040  -0.1528  -0.0007  -0.0552    0.0716   -0.1580   -0.4218
a1  4.50  2400.  0.0  -0.1128  -0.0683   0.0208   0.0305  -0.0987  -0.0237   0.0476   0.1004   0.2032    1.3203    1.4052    1.7132
a2  4.50  2400.  0.0   0.5070   0.6484  -0.0521   0.1365   0.7156   0.3122   0.1208   0.4699   0.4442   -0.2197   -0.6743   -1.5444
a3  4.50  2400.  0.0   0.5206   0.4665   0.8204   0.9283   0.2855   0.6284   0.9003   0.3709   0.3774   -0.2729    0.3214    1.0452
a4  4.50  2400.  0.0   0.0660  -0.0624   0.2099  -0.0949   0.0805   0.0759  -0.0676   0.0605  -0.0229    0.1724   -0.0834   -0.3120
a1  5.00  2400.  0.0  -0.0746  -0.0150   0.0205   0.0134  -0.0468  -0.0072   0.0399   0.1197   0.2298    1.1372    1.2390    1.5549
a2  5.00  2400.  0.0   0.6238   0.7529   0.0505   0.3522   0.7774   0.4645   0.2888   0.5144   0.3886    0.1622   -0.2648   -1.2611
a3  5.00  2400.  0.0   0.3126   0.1566   0.5910   0.5749   0.1770   0.2976   0.6358   0.2905   0.3852   -0.5874   -0.0700    0.8563
a4  5.00  2400.  0.0   0.1263   0.0967   0.3376   0.0590   0.0822   0.2404   0.0360   0.0770  -0.0019    0.2778    0.0576   -0.2632
a1  3.50  2600.  0.0  -0.3290  -0.1461  -0.0498  -0.0216  -0.2716  -0.1018  -0.0002   0.1522   0.2419    2.0643    1.9184    2.0829
a2  3.50  2600.  0.0   1.8659   2.0848   0.4658   0.7129   2.0302   1.1826   0.6636   0.6045   0.7290   -2.2848   -2.0506   -2.7125
a3  3.50  2600.  0.0  -0.8964  -1.4587   0.8072   0.5033  -1.2112  -0.1190   0.5485   0.4223   0.1990    1.7718    1.5767    2.2400
a4  3.50  2600.  0.0   0.3097   0.4834  -0.2276  -0.1978   0.4108   0.0233  -0.2144  -0.1773  -0.1711   -0.5735   -0.5102   -0.7509
a1  4.00  2600.  0.0  -0.2551  -0.1626  -0.0293   0.0180  -0.1909  -0.0855   0.0365   0.1909   0.2827    2.0199    1.8550    2.0303
a2  4.00  2600.  0.0   1.4605   1.8562   0.3480   0.5133   1.5165   0.9955   0.4963   0.4982   0.5154   -2.1175   -1.8816   -2.5404
a3  4.00  2600.  0.0  -0.3784  -1.0485   0.8908   0.7130  -0.4934   0.1108   0.7045   0.4580   0.4396    1.5644    1.4174    2.0419
a4  4.00  2600.  0.0   0.1362   0.3263  -0.2128  -0.2454   0.1376  -0.0331  -0.2379  -0.1437  -0.2366   -0.4850   -0.4553   -0.6725
a1  4.50  2600.  0.0  -0.1155  -0.0442   0.0032   0.0439  -0.0240  -0.0141   0.0662   0.2321   0.3249    1.9017    1.7503    1.9505
a2  4.50  2600.  0.0   1.0920   1.3199   0.2712   0.5067   1.0675   0.7698   0.4733   0.4745   0.4086   -1.8159   -1.6171   -2.3439
a3  4.50  2600.  0.0  -0.0399  -0.3846   0.9450   0.6664  -0.1014   0.3243   0.6796   0.4113   0.5376    1.2647    1.1655    1.8396
a4  4.50  2600.  0.0   0.0418   0.0915  -0.2211  -0.2170   0.0425  -0.0874  -0.2184  -0.1135  -0.2695   -0.3754   -0.3689   -0.5963
a1  5.00  2600.  0.0   0.0067   0.1094   0.0706   0.0733   0.0793   0.0885   0.1066   0.2669   0.3475    1.6756    1.5912    1.7823
a2  5.00  2600.  0.0   0.8343   0.7608  -0.0042   0.4424   0.9186   0.4200   0.3562   0.3874   0.2329   -1.2247   -1.1549   -1.9016
a3  5.00  2600.  0.0   0.1050   0.1771   1.1860   0.6275  -0.0998   0.6204   0.7324   0.4499   0.7526    0.6877    0.6917    1.4038
a4  5.00  2600.  0.0   0.0442  -0.0535  -0.2504  -0.1418   0.0951  -0.1303  -0.1928  -0.0993  -0.3313   -0.1667   -0.1964   -0.4388
a1  3.50  2800.  0.0   0.0126   0.3327   0.0272   0.1591   0.1676   0.1526   0.1878   0.4205   0.5421    2.0656    1.8777    1.9216
a2  3.50  2800.  0.0   1.7627   1.3338   1.1318   1.1811   1.5953   1.2920   1.1176   0.7881   0.8319   -2.6725   -2.2736   -2.6142
a3  3.50  2800.  0.0  -1.2221  -1.0493  -0.2183  -0.4669  -1.1933  -0.6546  -0.4128  -0.2533  -0.5345    2.2958    1.9055    2.2338
a4  3.50  2800.  0.0   0.4171   0.3609   0.0570   0.1256   0.4090   0.2036   0.1060   0.0415   0.1499   -0.7922   -0.6497   -0.7661
a1  4.00  2800.  0.0  -0.0489   0.2144   0.0273   0.1643   0.0783   0.0887   0.2011   0.4731   0.4780    2.1584    1.9046    1.9665
a2  4.00  2800.  0.0   1.7244   1.5544   0.8285   0.8026   1.6101   1.2425   0.7496   0.3448   0.6479   -2.8073   -2.2564   -2.6461
a3  4.00  2800.  0.0  -1.0302  -1.1829   0.2763   0.1468  -1.0522  -0.4533   0.1593   0.3531  -0.0464    2.3564    1.8317    2.2030
a4  4.00  2800.  0.0   0.3271   0.3961  -0.1348  -0.1146   0.3428   0.1141  -0.1107  -0.1712  -0.0912   -0.7937   -0.6113   -0.7391
a1  4.50  2800.  0.0   0.0347   0.2159   0.0185   0.1430   0.1549   0.1001   0.1845   0.4697   0.4451    2.1869    1.9281    2.0052
a2  4.50  2800.  0.0   1.4406   1.4520   0.8521   0.8398   1.2903   1.1853   0.7653   0.2853   0.7363   -2.8745   -2.2961   -2.7515
a3  4.50  2800.  0.0  -0.7091  -0.9971   0.2868   0.1452  -0.6412  -0.3627   0.1826   0.4672  -0.1084    2.4140    1.8500    2.2966
a4  4.50  2800.  0.0   0.2148   0.3159  -0.1607  -0.1298   0.1814   0.0701  -0.1338  -0.2226  -0.0855   -0.8116   -0.6142   -0.7688
a1  5.00  2800.  0.0   0.1871   0.2354   0.0539   0.1733   0.3329   0.1566   0.2204   0.5175   0.4244    2.0657    1.8182    1.9374
a2  5.00  2800.  0.0   0.8887   1.0414   0.5421   0.6099   0.6411   0.7762   0.5188   0.0434   0.6330   -2.4821   -1.9036   -2.5232
a3  5.00  2800.  0.0  -0.1077  -0.3518   0.7322   0.4338   0.0569   0.2031   0.5092   0.7537   0.1195    1.9891    1.4064    2.0439
a4  5.00  2800.  0.0   0.0218   0.0626  -0.3304  -0.2179  -0.0373  -0.1418  -0.2487  -0.3142  -0.1912   -0.6501   -0.4451   -0.6711
a1  3.50  3000.  0.0   0.2874   0.5894   0.2124   0.4051   0.4568   0.3807   0.4407   0.6869   0.8464    1.8850    1.6511    1.7067
a2  3.50  3000.  0.0   1.3242   0.7254   1.0120   0.8929   1.0857   0.9307   0.7958   0.4112   0.2070   -2.4838   -1.8078   -2.1218
a3  3.50  3000.  0.0  -0.9814  -0.5256  -0.4023  -0.4978  -0.8762  -0.5041  -0.3983  -0.1758  -0.1474    2.2468    1.5062    1.7492
a4  3.50  3000.  0.0   0.3505   0.1901   0.1775   0.1959   0.3192   0.1886   0.1563   0.0601   0.0683   -0.8030   -0.5246   -0.5934
a1  4.00  3000.  0.0   0.4044   0.7692   0.2235   0.4053   0.5852   0.4590   0.4410   0.6904   0.8571    2.0626    1.8758    1.8784
a2  4.00  3000.  0.0   1.2100   0.4966   1.1573   0.9588   0.8898   0.9682   0.8535   0.3725   0.3414   -2.9536   -2.4511   -2.7142
a3  4.00  3000.  0.0  -0.9666  -0.4454  -0.5368  -0.5269  -0.7538  -0.6456  -0.4256  -0.0871  -0.3522    2.6378    2.0891    2.3468
a4  4.00  3000.  0.0   0.3382   0.1656   0.1536   0.1550   0.2690   0.2147   0.1211  -0.0005   0.1206   -0.9255   -0.7180   -0.8050
a1  4.50  3000.  0.0   0.4094   0.7480   0.1852   0.3513   0.5621   0.4312   0.3962   0.6592   0.7748    2.1439    1.9468    1.9411
a2  4.50  3000.  0.0   1.1723   0.5860   1.2666   1.0511   0.8965   1.0617   0.9074   0.3300   0.5989   -3.1539   -2.6254   -2.9089
a3  4.50  3000.  0.0  -0.8977  -0.5415  -0.6009  -0.5444  -0.7195  -0.7273  -0.4016   0.0629  -0.6078    2.8141    2.2308    2.5381
a4  4.50  3000.  0.0   0.3023   0.1958   0.1442   0.1309   0.2492   0.2286   0.0853  -0.0798   0.1974   -0.9825   -0.7609   -0.8710
a1  5.00  3000.  0.0   0.4019   0.5361   0.1137   0.2899   0.5273   0.3189   0.3436   0.6460   0.6061    2.1327    1.9033    1.9371
a2  5.00  3000.  0.0   0.8750   0.8767   1.1521   0.9109   0.6245   1.0466   0.7622   0.0835   0.8676   -2.9925   -2.3790   -2.8039
a3  5.00  3000.  0.0  -0.4006  -0.6279  -0.2511  -0.1854  -0.2013  -0.4768  -0.0480   0.5018  -0.7015    2.5943    1.9209    2.3942
a4  5.00  3000.  0.0   0.1073   0.1966  -0.0230  -0.0279   0.0313   0.0990  -0.0718  -0.2584   0.1881   -0.8890   -0.6361   -0.8098
a1  3.50  3200.  0.0   0.3779   0.6334   0.2625   0.4584   0.5478   0.4115   0.4983   0.7539   0.8498    1.6423    1.3131    1.4822
a2  3.50  3200.  0.0   1.1014   0.4709   0.7973   0.6487   0.8458   0.7638   0.5318   0.1345  -0.0463   -2.1131   -0.9285   -1.5025
a3  3.50  3200.  0.0  -0.8198  -0.2669  -0.3951  -0.3951  -0.6783  -0.4719  -0.2697   0.0247   0.1330    2.0747    0.6973    1.1584
a4  3.50  3200.  0.0   0.3217   0.1389   0.3300   0.2728   0.2687   0.2874   0.2216   0.0479   0.0185   -0.7700   -0.2461   -0.3836
a1  4.00  3200.  0.0   0.5621   0.8763   0.3350   0.5051   0.7433   0.5751   0.5385   0.7698   0.9418    1.8891    1.7344    1.7805
a2  4.00  3200.  0.0   0.8599   0.1788   0.9081   0.6779   0.5281   0.6792   0.5662   0.1121   0.0209   -2.6506   -2.0418   -2.4653
a3  4.00  3200.  0.0  -0.6882  -0.1411  -0.3764  -0.3168  -0.4578  -0.4233  -0.2066   0.1098  -0.0490    2.4028    1.6294    2.0746
a4  4.00  3200.  0.0   0.2495   0.0627   0.1247   0.1112   0.1713   0.1589   0.0756  -0.0446   0.0262   -0.8555   -0.5455   -0.7023
a1  4.50  3200.  0.0   0.6476   0.9590   0.3536   0.5028   0.8171   0.6440   0.5367   0.7588   0.9884    1.9878    1.8607    1.8480
a2  4.50  3200.  0.0   0.7166   0.0872   1.1081   0.8483   0.3675   0.6831   0.7021   0.1787   0.1045   -2.9220   -2.4886   -2.7918
a3  4.50  3200.  0.0  -0.5888  -0.1309  -0.6587  -0.5332  -0.3205  -0.5087  -0.3657   0.0567  -0.2677    2.6229    2.0840    2.4412
a4  4.50  3200.  0.0   0.2057   0.0592   0.1860   0.1555   0.1172   0.1692   0.0968  -0.0530   0.1091   -0.9213   -0.7064   -0.8392
a1  5.00  3200.  0.0   0.6615   0.9002   0.3200   0.4636   0.7885   0.6138   0.5011   0.7275   0.9531    2.0278    1.9059    1.8688
a2  5.00  3200.  0.0   0.6030   0.2241   1.2825   0.9976   0.3426   0.7817   0.8248   0.2168   0.2978   -3.0073   -2.6167   -2.8867
a3  5.00  3200.  0.0  -0.4277  -0.2527  -0.8572  -0.6858  -0.2383  -0.6042  -0.4760   0.0746  -0.5275    2.6831    2.1959    2.5470
a4  5.00  3200.  0.0   0.1366   0.0968   0.2404   0.1947   0.0768   0.1901   0.1168  -0.0822   0.2077   -0.9363   -0.7408   -0.8783
a1  3.50  3400.  0.0   0.3901   0.5547   0.1489   0.3835   0.5634   0.2858   0.4120   0.7097   0.6999    1.3287    0.9708    1.2240
a2  3.50  3400.  0.0   1.0061   0.5144   1.0084   0.5887   0.7039   0.9784   0.5387  -0.0020  -0.0965   -1.6051   -0.1594   -0.9105
a3  3.50  3400.  0.0  -0.7983  -0.4681  -1.2057  -0.6414  -0.5498  -1.1453  -0.6512  -0.0046   0.2550    1.7606    0.1092    0.7058
a4  3.50  3400.  0.0   0.3780   0.3691   1.0290   0.6358   0.2594   0.8601   0.6617   0.2273   0.0739   -0.6442   -0.0653   -0.2426
a1  4.00  3400.  0.0   0.5868   0.8278   0.3298   0.4510   0.7523   0.5479   0.4930   0.7054   0.7593    1.6247    1.5086    1.6090
a2  4.00  3400.  0.0   0.6974   0.1252   0.5855   0.4114   0.4042   0.4663   0.2595  -0.1316   0.0980   -2.0955   -1.3613   -1.9745
a3  4.00  3400.  0.0  -0.5196  -0.0357   0.0123   0.0494  -0.3224  -0.1424   0.1885   0.4407   0.0704    1.9533    0.8851    1.5533
a4  4.00  3400.  0.0   0.2064   0.0480   0.0496   0.0413   0.1351   0.1049   0.0074  -0.1072  -0.0251   -0.7100   -0.2549   -0.5016
a1  4.50  3400.  0.0   0.7328   0.9856   0.3766   0.4630   0.8640   0.6646   0.4975   0.6707   0.8862    1.8051    1.7692    1.7456
a2  4.50  3400.  0.0   0.4417  -0.0711   0.9776   0.7699   0.1993   0.5374   0.5909   0.1445   0.1896   -2.5285   -2.2190   -2.5586
a3  4.50  3400.  0.0  -0.3239   0.0448  -0.5207  -0.4013  -0.1737  -0.3429  -0.1850   0.1661  -0.3013    2.2482    1.7338    2.1852
a4  4.50  3400.  0.0   0.1140  -0.0023   0.1377   0.1125   0.0696   0.1110   0.0361  -0.0863   0.1154   -0.7893   -0.5593   -0.7406
a1  5.00  3400.  0.0   0.8009   1.0185   0.4244   0.4983   0.8965   0.7221   0.5171   0.6682   1.0104    1.8823    1.8455    1.7641
a2  5.00  3400.  0.0   0.2726  -0.1097   1.1810   0.9654   0.0911   0.5794   0.8150   0.3334   0.0963   -2.7416   -2.5370   -2.7231
a3  5.00  3400.  0.0  -0.1687   0.0418  -0.9178  -0.7564  -0.0647  -0.5061  -0.5485  -0.1023  -0.3910    2.4275    2.0902    2.3958
a4  5.00  3400.  0.0   0.0495  -0.0039   0.2826   0.2352   0.0229   0.1693   0.1543  -0.0068   0.1741   -0.8446   -0.6943   -0.8259
a1  3.50  3600.  0.0   0.3869   0.4046   0.1627   0.3656   0.5367   0.2570   0.3979   0.7373   0.5736    0.9974    1.0260    1.2806
a2  3.50  3600.  0.0   0.8138   0.6180   0.5974   0.1368   0.5783   0.6458   0.1311  -0.5263  -0.4525   -0.6985   -0.1048   -0.9531
a3  3.50  3600.  0.0  -0.6795  -0.6521  -0.9730  -0.3777  -0.4595  -0.9251  -0.5010   0.2973   1.0289    0.8519   -0.1467    0.6169
a4  3.50  3600.  0.0   0.4389   0.5873   1.1854   0.8282   0.3027   0.9929   0.9186   0.3965  -0.2406   -0.3170    0.0797   -0.1684
a1  4.00  3600.  0.0   0.6405   0.6707   0.3512   0.4347   0.7425   0.4879   0.5017   0.7781   0.5997    1.2834    1.1767    1.3113
a2  4.00  3600.  0.0   0.2992   0.2290   0.1457  -0.0399   0.2055   0.2433  -0.2718  -0.8291  -0.0313   -1.4623   -0.6356   -1.2998
a3  4.00  3600.  0.0  -0.0700  -0.1443   0.3022   0.4681  -0.0713   0.0114   0.6564   1.1305   0.4454    1.5046    0.3304    1.0144
a4  4.00  3600.  0.0   0.0778   0.1895   0.1660   0.0719   0.0607   0.2162   0.0456  -0.1958  -0.1419   -0.5507   -0.0809   -0.3272
a1  4.50  3600.  0.0   0.7844   0.8353   0.3846   0.4013   0.8650   0.5924   0.4634   0.6740   0.6668    1.5366    1.6305    1.5740
a2  4.50  3600.  0.0   0.0223   0.0736   0.5988   0.4578  -0.0686   0.4014   0.1568  -0.4348   0.4007   -1.9122   -1.9085   -2.1623
a3  4.50  3600.  0.0   0.2170  -0.0002   0.0398   0.1636   0.1991  -0.0580   0.5392   1.0265  -0.3099    1.6805    1.4318    1.7997
a4  4.50  3600.  0.0  -0.0912   0.0202  -0.0742  -0.1100  -0.0787   0.0056  -0.2491  -0.4062   0.0830   -0.5887   -0.4423   -0.5970
a1  5.00  3600.  0.0   0.8261   0.9313   0.4134   0.4002   0.8909   0.6669   0.4163   0.5500   0.8282    1.6887    1.7925    1.6389
a2  5.00  3600.  0.0   0.0290  -0.0025   1.1148   1.0191  -0.0855   0.5870   0.8361   0.3056   0.3836   -2.3001   -2.4949   -2.4779
a3  5.00  3600.  0.0   0.1300  -0.0365  -0.8308  -0.7117   0.1632  -0.4752  -0.4379   0.0903  -0.6235    1.9836    2.0437    2.1452
a4  5.00  3600.  0.0  -0.0678   0.0245   0.2439   0.1947  -0.0701   0.1526   0.0840  -0.1031   0.2449   -0.6812   -0.6703   -0.7306
a1  3.50  3800.  0.0   0.4850   0.3488   0.3469   0.4316   0.6092   0.3502   0.4849   0.7812   0.5518    0.7302    1.2074    1.4221
a2  3.50  3800.  0.0   0.4103   0.4075  -0.3693  -0.5424   0.1560  -0.0941  -0.6155  -1.0360  -0.8706    0.1331   -0.4336   -1.2456
a3  3.50  3800.  0.0  -0.4841  -0.4052   0.4110   0.4569  -0.1122   0.1078   0.4556   0.7440   1.8993   -0.0268    0.0180    0.7985
a4  3.50  3800.  0.0   0.5412   0.5982   0.5940   0.6186   0.2937   0.6089   0.6339   0.4283  -0.6690   -0.0085    0.0617   -0.2023
a1  4.00  3800.  0.0   0.8535   0.5884   0.4263   0.5159   0.9906   0.4761   0.5834   0.8629   0.5933    0.9390    1.0826    1.1831
a2  4.00  3800.  0.0  -0.3856   0.1292  -0.2449  -0.6117  -0.6645  -0.0159  -0.8527  -1.3515  -0.3978   -0.7058   -0.5152   -1.0613
a3  4.00  3800.  0.0   0.4970  -0.1455   0.5001   1.0080   0.8176   0.1108   1.2262   1.5743   1.0235    0.8381    0.3337    0.8765
a4  4.00  3800.  0.0  -0.0252   0.3553   0.2859   0.0306  -0.2164   0.3788  -0.0151  -0.1868  -0.3516   -0.3025   -0.1122   -0.2982
a1  4.50  3800.  0.0   1.0182   0.7604   0.4940   0.5017   1.1377   0.5900   0.5566   0.7956   0.6320    1.1645    1.3221    1.3011
a2  4.50  3800.  0.0  -0.7798  -0.1121  -0.0049  -0.2101  -1.0138   0.0271  -0.5046  -1.1257   0.1074   -1.1337   -1.2274   -1.5122
a3  4.50  3800.  0.0   1.0297   0.2826   0.6428   0.9866   1.2169   0.3731   1.3567   1.8590   0.1993    1.0496    0.9072    1.2533
a4  4.50  3800.  0.0  -0.3449  -0.0243  -0.1849  -0.3645  -0.4356  -0.0634  -0.4938  -0.6565  -0.1113   -0.3697   -0.2806   -0.4169
a1  5.00  3800.  0.0   1.0536   0.8420   0.5080   0.4369   1.1624   0.6462   0.4554   0.6388   0.7487    1.3967    1.6240    1.4867
a2  5.00  3800.  0.0  -0.7994  -0.0644   0.6582   0.6828  -1.0606   0.3803   0.4915  -0.2097   0.3659   -1.6017   -2.1699   -2.1522
a3  5.00  3800.  0.0   1.0535   0.1636  -0.2967  -0.2222   1.2628  -0.1578   0.0720   0.8148  -0.4918    1.3083    1.7838    1.8539
a4  5.00  3800.  0.0  -0.4049  -0.0541   0.0568  -0.0131  -0.4835   0.0371  -0.1338  -0.4053   0.1762   -0.4362   -0.5861   -0.6290
a1  3.50  4000.  0.0   1.2757   0.8074   0.6356   0.4991   1.4878   0.6239   0.4659   0.5786   0.6608    0.5646    0.9580    0.9530
a2  3.50  4000.  0.0  -1.3660  -0.8143  -0.7363  -0.5508  -1.8580  -0.5991  -0.5371  -0.7975  -0.5267   -0.0001   -0.3728   -0.5747
a3  3.50  4000.  0.0   1.1255   0.8556   1.3198   1.3730   1.6531   0.8982   1.4541   1.7810   1.1415    0.2584    0.1504    0.3090
a4  3.50  4000.  0.0  -0.0960   0.0552  -0.2734  -0.4143  -0.3528  -0.0020  -0.4776  -0.6873  -0.4734   -0.1406   -0.0247   -0.0678
a1  4.00  4000.  0.0   1.1208   0.7489   0.5269   0.5608   1.2911   0.5719   0.5815   0.8074   0.6624    0.7714    1.0884    1.0896
a2  4.00  4000.  0.0  -0.9800  -0.4642  -0.4399  -0.7663  -1.3600  -0.3242  -0.9355  -1.4971  -0.4290   -0.3857   -0.6860   -0.9443
a3  4.00  4000.  0.0   0.9318   0.4999   0.9096   1.5377   1.3557   0.5304   1.7704   2.3075   1.0042    0.5498    0.5118    0.7535
a4  4.00  4000.  0.0  -0.1293   0.1339  -0.0345  -0.3922  -0.3572   0.1616  -0.4755  -0.7045  -0.3900   -0.2129   -0.1709   -0.2481
a1  4.50  4000.  0.0   1.2805   0.8436   0.5836   0.6083   1.4232   0.6530   0.6181   0.8325   0.6937    0.7953    1.0446    1.0407
a2  4.50  4000.  0.0  -1.4232  -0.6419  -0.4651  -0.7143  -1.7369  -0.4252  -0.8912  -1.4322  -0.4318   -0.4736   -0.5915   -0.8721
a3  4.50  4000.  0.0   1.4695   0.7359   0.9365   1.4330   1.7952   0.6692   1.6990   2.2056   0.9183    0.6231    0.4102    0.7104
a4  4.50  4000.  0.0  -0.4004  -0.0379  -0.1051  -0.4063  -0.5749   0.0258  -0.5011  -0.7157  -0.3556   -0.2426   -0.1398   -0.2455
a1  5.00  4000.  0.0   1.3460   0.9091   0.6088   0.5637   1.4670   0.7117   0.5501   0.7138   0.7496    1.0146    1.3439    1.2439
a2  5.00  4000.  0.0  -1.6503  -0.6192   0.0896   0.0912  -1.9115  -0.1710   0.0166  -0.5582   0.0234   -0.7655   -1.4987   -1.5403
a3  5.00  4000.  0.0   1.8755   0.8758   0.3388   0.4595   2.0749   0.5206   0.6248   1.2527   0.0470    0.5948    1.2109    1.3069
a4  5.00  4000.  0.0  -0.6615  -0.2878  -0.1147  -0.2308  -0.7441  -0.1647  -0.3029  -0.5586  -0.0360   -0.1906   -0.3954   -0.4420
a1  3.50  4200.  0.0   1.3636   0.8500   0.7679   0.5285   1.5896   0.6627   0.4709   0.5852   0.7081    0.5401    0.7936    0.7802
a2  3.50  4200.  0.0  -1.6840  -1.0498  -1.1032  -0.5537  -2.1496  -0.7730  -0.4085  -0.5530  -0.7136   -0.0980   -0.0114   -0.2138
a3  3.50  4200.  0.0   1.4247   1.1648   1.7294   1.3169   1.8516   1.1610   1.2071   1.3053   1.2801    0.4316   -0.2168   -0.0211
a4  3.50  4200.  0.0  -0.1730  -0.0732  -0.4657  -0.4150  -0.3661  -0.1446  -0.3953  -0.5033  -0.5122   -0.2235    0.1059    0.0378
a1  4.00  4200.  0.0   1.1063   0.7631   0.5381   0.5036   1.2871   0.5666   0.4801   0.6118   0.7278    0.7361    1.0447    1.0121
a2  4.00  4200.  0.0  -0.9169  -0.6233  -0.4491  -0.4453  -1.2908  -0.3814  -0.4963  -0.8112  -0.5133   -0.3751   -0.5607   -0.7179
a3  4.00  4200.  0.0   0.7341   0.6738   1.0167   1.2233   1.1456   0.6560   1.3895   1.7867   1.0436    0.6290    0.3354    0.4769
a4  4.00  4200.  0.0   0.0279   0.1119  -0.1444  -0.3436  -0.2045   0.1010  -0.4347  -0.6736  -0.4135   -0.2740   -0.0935   -0.1376
a1  4.50  4200.  0.0   1.1795   0.7260   0.4957   0.4410   1.3460   0.5362   0.4346   0.6075   0.5302    0.6583    1.1127    1.0980
a2  4.50  4200.  0.0  -1.2548  -0.6133  -0.4974  -0.5050  -1.6305  -0.4053  -0.6198  -1.0929  -0.0834   -0.0541   -0.6873   -0.9266
a3  4.50  4200.  0.0   1.1561   0.7181   1.1185   1.4016   1.6152   0.7121   1.6184   2.1668   0.6889    0.2464    0.5057    0.7425
a4  4.50  4200.  0.0  -0.1493   0.0820  -0.1575  -0.4044  -0.4185   0.0928  -0.4972  -0.7736  -0.2937   -0.1198   -0.1809   -0.2535
a1  5.00  4200.  0.0   1.3801   0.8997   0.5970   0.5520   1.5190   0.6863   0.5138   0.6253   0.7156    0.8116    1.1216    1.0596
a2  5.00  4200.  0.0  -1.7506  -0.8452  -0.2852  -0.1656  -2.0374  -0.4448  -0.1863  -0.4906  -0.2062   -0.4525   -0.8935   -1.0110
a3  5.00  4200.  0.0   1.8564   1.0631   0.7599   0.7578   2.1183   0.7800   0.8796   1.2214   0.4723    0.5150    0.7087    0.8495
a4  5.00  4200.  0.0  -0.5675  -0.2273  -0.1357  -0.2459  -0.7053  -0.1117  -0.3015  -0.4873  -0.1824   -0.1955   -0.2461   -0.2973
a1  3.50  4400.  0.0   1.2583   0.7936   0.6376   0.5009   1.4994   0.5840   0.4471   0.5732   0.6968    0.5307    0.7574    0.7297
a2  3.50  4400.  0.0  -1.5507  -1.0323  -0.7819  -0.4390  -1.9813  -0.6098  -0.3009  -0.4781  -0.6742   -0.0521    0.0619   -0.1171
a3  3.50  4400.  0.0   1.2988   1.2901   1.3933   1.2293   1.5995   1.0759   1.1112   1.2125   1.2345    0.3578   -0.3232   -0.1261
a4  3.50  4400.  0.0  -0.0851  -0.1643  -0.3444  -0.4256  -0.1990  -0.1516  -0.3922  -0.4910  -0.5079   -0.1992    0.1523    0.0751
a1  4.00  4400.  0.0   1.0185   0.7145   0.5210   0.5217   1.1950   0.5257   0.4791   0.5749   0.8086    0.7740    1.0476    1.0104
a2  4.00  4400.  0.0  -0.7489  -0.5859  -0.3246  -0.2954  -1.0597  -0.3126  -0.2259  -0.2549  -0.6180   -0.4425   -0.5942   -0.7545
a3  4.00  4400.  0.0   0.5321   0.7288   0.9103   0.9900   0.8216   0.6828   0.9917   0.9588   1.0611    0.6822    0.3608    0.5324
a4  4.00  4400.  0.0   0.1610   0.0778  -0.1463  -0.2787  -0.0065   0.0509  -0.3071  -0.3672  -0.4092   -0.2960   -0.1030   -0.1659
a1  4.50  4400.  0.0   1.3064   0.9022   0.6345   0.6138   1.4827   0.6711   0.5649   0.6535   0.7856    0.6905    0.9558    0.9039
a2  4.50  4400.  0.0  -1.4235  -1.0223  -0.6698  -0.5846  -1.7736  -0.6718  -0.5292  -0.5899  -0.7080   -0.3652   -0.4644   -0.5709
a3  4.50  4400.  0.0   1.2410   1.1517   1.2363   1.2522   1.6056   1.0004   1.2918   1.3025   1.1820    0.6520    0.3193    0.4087
a4  4.50  4400.  0.0  -0.1790  -0.1162  -0.2524  -0.3699  -0.3884  -0.0704  -0.4110  -0.4848  -0.4545   -0.2916   -0.1180   -0.1368
a1  5.00  4400.  0.0   1.3595   0.9021   0.6072   0.5760   1.5219   0.6762   0.5262   0.6036   0.7059    0.6659    0.9699    0.9189
a2  5.00  4400.  0.0  -1.6390  -1.0378  -0.6897  -0.5451  -1.9793  -0.7217  -0.5268  -0.6082  -0.4981   -0.2543   -0.4110   -0.5554
a3  5.00  4400.  0.0   1.5258   1.1710   1.3066   1.2701   1.9010   1.0718   1.3780   1.4441   0.9975    0.5431    0.2342    0.3920
a4  5.00  4400.  0.0  -0.3195  -0.1311  -0.2759  -0.3889  -0.5403  -0.1021  -0.4572  -0.5556  -0.3932   -0.2589   -0.0897   -0.1391
a1  3.50  4600.  0.0   1.2365   0.7974   0.5251   0.5037   1.5161   0.5576   0.4590   0.5727   0.6883    0.5352    0.7273    0.6959
a2  3.50  4600.  0.0  -1.6621  -1.0930  -0.5034  -0.3608  -2.1784  -0.5398  -0.2500  -0.4114  -0.6169   -0.0650    0.0252   -0.1365
a3  3.50  4600.  0.0   1.5513   1.4530   1.0852   1.1024   1.9012   1.0539   1.0242   1.0793   1.1251    0.3313   -0.2461   -0.0666
a4  3.50  4600.  0.0  -0.2004  -0.2723  -0.2151  -0.3937  -0.3111  -0.1783  -0.3822  -0.4436  -0.4664   -0.1842    0.1136    0.0432
a1  4.00  4600.  0.0   0.9533   0.6708   0.4763   0.5297   1.1446   0.4770   0.4945   0.6522   0.8113    0.7938    1.0865    1.0392
a2  4.00  4600.  0.0  -0.6884  -0.5684  -0.1338  -0.2351  -1.0168  -0.2102  -0.1499  -0.2896  -0.5673   -0.4346   -0.7681   -0.8928
a3  4.00  4600.  0.0   0.4684   0.8344   0.6669   0.9160   0.7422   0.6634   0.8547   0.8606   0.9536    0.6256    0.5824    0.7049
a4  4.00  4600.  0.0   0.2373   0.0048  -0.0530  -0.2810   0.0919   0.0174  -0.2689  -0.3231  -0.3661   -0.2694   -0.2015   -0.2380
a1  4.50  4600.  0.0   1.2502   0.8987   0.6243   0.6544   1.4332   0.6592   0.6104   0.7269   0.8316    0.7263    0.9204    0.8636
a2  4.50  4600.  0.0  -1.3044  -1.0483  -0.6304  -0.6436  -1.6291  -0.6799  -0.5817  -0.6798  -0.8288   -0.4842   -0.4418   -0.5303
a3  4.50  4600.  0.0   1.0874   1.2556   1.1823   1.2995   1.3762   1.0979   1.3148   1.2989   1.2732    0.7719    0.3043    0.3774
a4  4.50  4600.  0.0  -0.0793  -0.1837  -0.2317  -0.4100  -0.2417  -0.1463  -0.4390  -0.4836  -0.4873   -0.3400   -0.1143   -0.1277
a1  5.00  4600.  0.0   1.3503   0.9449   0.6152   0.6504   1.5241   0.6958   0.6015   0.6863   0.7896    0.6985    0.9310    0.8615
a2  5.00  4600.  0.0  -1.5783  -1.1460  -0.6553  -0.6215  -1.9110  -0.7744  -0.5676  -0.5877  -0.7183   -0.4013   -0.4788   -0.5186
a3  5.00  4600.  0.0   1.4192   1.3335   1.2080   1.2564   1.7495   1.1738   1.3017   1.2123   1.1596    0.6808    0.3618    0.3679
a4  5.00  4600.  0.0  -0.2554  -0.2231  -0.2274  -0.3906  -0.4480  -0.1720  -0.4325  -0.4508  -0.4449   -0.3045   -0.1426   -0.1251
a1  3.50  4800.  0.0   1.1912   0.8091   0.5214   0.5103   1.4938   0.5568   0.4749   0.5671   0.6741    0.5468    0.7332    0.6898
a2  3.50  4800.  0.0  -1.7096  -1.1866  -0.5766  -0.3156  -2.3390  -0.5792  -0.2163  -0.3263  -0.5293   -0.0864   -0.1139   -0.2222
a3  3.50  4800.  0.0   1.7895   1.6795   1.3112   1.0193   2.2904   1.1991   0.9402   0.9182   0.9744    0.3103   -0.0463    0.0508
a4  3.50  4800.  0.0  -0.3426  -0.4168  -0.3672  -0.3721  -0.5124  -0.2851  -0.3594  -0.3763  -0.4034   -0.1674    0.0259   -0.0014
a1  4.00  4800.  0.0   0.8832   0.6320   0.4209   0.5139   1.0819   0.4458   0.4894   0.6615   0.8050    0.8305    1.1352    1.0762
a2  4.00  4800.  0.0  -0.6664  -0.5178   0.0407  -0.0781  -1.0041  -0.1242  -0.0313  -0.2133  -0.4588   -0.4495   -0.9375   -1.0157
a3  4.00  4800.  0.0   0.5363   0.8846   0.4312   0.7180   0.8086   0.6531   0.7059   0.7136   0.7818    0.5717    0.7555    0.8213
a4  4.00  4800.  0.0   0.2251  -0.0511   0.0617  -0.2292   0.0865  -0.0247  -0.2389  -0.2727  -0.3012   -0.2388   -0.2642   -0.2774
a1  4.50  4800.  0.0   1.1777   0.8798   0.6014   0.6477   1.3669   0.6540   0.5974   0.7185   0.8244    0.7353    0.9232    0.8583
a2  4.50  4800.  0.0  -1.2119  -1.0458  -0.6126  -0.5714  -1.5198  -0.7028  -0.4837  -0.6057  -0.7738   -0.4752   -0.5027   -0.5577
a3  4.50  4800.  0.0   0.9999   1.3296   1.2206   1.2272   1.2402   1.2472   1.2052   1.1876   1.1867    0.7198    0.3613    0.3950
a4  4.50  4800.  0.0  -0.0080  -0.2376  -0.2695  -0.4120  -0.1418  -0.2670  -0.4245  -0.4547  -0.4604   -0.3167   -0.1318   -0.1298
a1  5.00  4800.  0.0   1.3013   0.9582   0.6421   0.6889   1.4796   0.7258   0.6315   0.7308   0.8234    0.7249    0.8894    0.8200
a2  5.00  4800.  0.0  -1.4788  -1.1941  -0.8011  -0.6896  -1.7762  -0.8952  -0.6069  -0.6821  -0.8183   -0.5123   -0.4647   -0.4994
a3  5.00  4800.  0.0   1.2838   1.4338   1.4640   1.3098   1.5288   1.4251   1.3193   1.2632   1.2328    0.7889    0.3640    0.3661
a4  5.00  4800.  0.0  -0.1679  -0.2872  -0.3698  -0.4282  -0.3122  -0.3334  -0.4558  -0.4747  -0.4717   -0.3467   -0.1450   -0.1269
a1  3.50  5000.  0.0   1.1403   0.8837   0.6141   0.6206   1.3486   0.6132   0.5833   0.6961   0.7944    0.6645    0.7934    0.7500
a2  3.50  5000.  0.0  -1.4253  -1.2125  -0.6835  -0.4989  -1.7105  -0.5944  -0.4020  -0.5739  -0.7599   -0.3881   -0.3264   -0.4330
a3  3.50  5000.  0.0   1.4719   1.6100   1.3201   1.1157   1.5655   1.1219   1.0392   1.0919   1.1400    0.5983    0.2017    0.2980
a4  3.50  5000.  0.0  -0.2319  -0.3724  -0.3476  -0.3852  -0.2436  -0.2366  -0.3721  -0.4199  -0.4469   -0.2644   -0.0699   -0.0983
a1  4.00  5000.  0.0   0.9493   0.7801   0.6048   0.6781   1.1428   0.6009   0.6418   0.7891   0.9065    0.8620    1.0096    0.9511
a2  4.00  5000.  0.0  -0.8519  -0.8168  -0.5540  -0.4620  -1.1271  -0.4603  -0.3798  -0.5987  -0.8157   -0.7181   -0.8186   -0.8842
a3  4.00  5000.  0.0   0.8383   1.1872   1.1871   1.0203   0.9845   0.9905   0.9758   1.0444   1.1070    0.8785    0.7073    0.7544
a4  4.00  5000.  0.0   0.0353  -0.2130  -0.2975  -0.3399  -0.0319  -0.1947  -0.3429  -0.3873  -0.4145   -0.3567   -0.2605   -0.2662
a1  4.50  5000.  0.0   1.1660   0.9198   0.6532   0.6955   1.3619   0.6926   0.6424   0.7522   0.8447    0.7394    0.8700    0.8075
a2  4.50  5000.  0.0  -1.2840  -1.1766  -0.8107  -0.6672  -1.5771  -0.7940  -0.5586  -0.6888  -0.8478   -0.5353   -0.4761   -0.5299
a3  4.50  5000.  0.0   1.1390   1.5098   1.5480   1.3025   1.3263   1.3878   1.2550   1.2350   1.2363    0.7656    0.3615    0.3919
a4  4.50  5000.  0.0  -0.0679  -0.3334  -0.4621  -0.4568  -0.1678  -0.3644  -0.4631  -0.4766  -0.4806   -0.3322   -0.1360   -0.1328
a1  5.00  5000.  0.0   1.2566   0.9595   0.6591   0.7048   1.4440   0.7329   0.6420   0.7372   0.8225    0.7175    0.8578    0.7876
a2  5.00  5000.  0.0  -1.4567  -1.2424  -0.8827  -0.7120  -1.7436  -0.9221  -0.5983  -0.6821  -0.8210   -0.4995   -0.4492   -0.4776
a3  5.00  5000.  0.0   1.2765   1.5361   1.6771   1.3416   1.4708   1.5347   1.3118   1.2433   1.2220    0.7465    0.3442    0.3416
a4  5.00  5000.  0.0  -0.1401  -0.3457  -0.5268  -0.4661  -0.2514  -0.4290  -0.4812  -0.4795  -0.4754   -0.3289   -0.1334   -0.1151
a1  3.50  5200.  0.0   1.0910   0.8763   0.6104   0.6431   1.3294   0.6292   0.6170   0.7128   0.8038    0.6743    0.7812    0.7237
a2  3.50  5200.  0.0  -1.4103  -1.2356  -0.7028  -0.5428  -1.8587  -0.6853  -0.4672  -0.6052  -0.7859   -0.4274   -0.3732   -0.4404
a3  3.50  5200.  0.0   1.6133   1.7289   1.4404   1.1598   1.9359   1.3243   1.0942   1.0996   1.1458    0.6192    0.2664    0.3238
a4  3.50  5200.  0.0  -0.3475  -0.4670  -0.4542  -0.4190  -0.4563  -0.3705  -0.4078  -0.4276  -0.4515   -0.2713   -0.0979   -0.1111
a1  4.00  5200.  0.0   0.9283   0.8067   0.6256   0.7166   1.1328   0.6387   0.6863   0.8158   0.9203    0.8692    0.9913    0.9286
a2  4.00  5200.  0.0  -0.9186  -0.9293  -0.6235  -0.5403  -1.2184  -0.5786  -0.4552  -0.6525  -0.8508   -0.7560   -0.8458   -0.8982
a3  4.00  5200.  0.0   1.0593   1.3835   1.3450   1.0850   1.2022   1.1817   1.0181   1.0663   1.1173    0.8956    0.7456    0.7831
a4  4.00  5200.  0.0  -0.1014  -0.3273  -0.4152  -0.3753  -0.1496  -0.3106  -0.3662  -0.3965  -0.4187   -0.3600   -0.2748   -0.2785
a1  4.50  5200.  0.0   1.1241   0.9139   0.6537   0.7080   1.3323   0.6985   0.6598   0.7597   0.8437    0.7425    0.8577    0.7922
a2  4.50  5200.  0.0  -1.3326  -1.2248  -0.8072  -0.6673  -1.6583  -0.8188  -0.5473  -0.6756  -0.8284   -0.5395   -0.5139   -0.5553
a3  4.50  5200.  0.0   1.3290   1.6492   1.6127   1.2917   1.5278   1.4756   1.2102   1.1860   1.1873    0.7366    0.4081    0.4282
a4  4.50  5200.  0.0  -0.1695  -0.4224  -0.5395  -0.4685  -0.2589  -0.4386  -0.4588  -0.4616  -0.4637   -0.3166   -0.1525   -0.1471
a1  5.00  5200.  0.0   1.2054   0.9431   0.6534   0.7102   1.4098   0.7274   0.6496   0.7390   0.8173    0.7154    0.8409    0.7710
a2  5.00  5200.  0.0  -1.4678  -1.2667  -0.8413  -0.6984  -1.7976  -0.9073  -0.5638  -0.6548  -0.7927   -0.4844   -0.4660   -0.4929
a3  5.00  5200.  0.0   1.3795   1.6410   1.6884   1.3274   1.6030   1.5753   1.2572   1.1869   1.1696    0.6952    0.3629    0.3617
a4  5.00  5200.  0.0  -0.1817  -0.4127  -0.5823  -0.4807  -0.2949  -0.4839  -0.4801  -0.4654  -0.4596   -0.3051   -0.1381   -0.1219
a1  3.50  5400.  0.0   1.0204   0.8337   0.5942   0.6496   1.2591   0.6257   0.6335   0.7170   0.8013    0.6782    0.7733    0.7012
a2  3.50  5400.  0.0  -1.2962  -1.1605  -0.6341  -0.5305  -1.8394  -0.6942  -0.4755  -0.5947  -0.7714   -0.4431   -0.4284   -0.4424
a3  3.50  5400.  0.0   1.6121   1.7132   1.3923   1.1203   2.0888   1.3954   1.0651   1.0488   1.0949    0.6032    0.3335    0.3307
a4  3.50  5400.  0.0  -0.4049  -0.4927  -0.4686  -0.4098  -0.5777  -0.4377  -0.3993  -0.4062  -0.4286   -0.2586   -0.1225   -0.1128
a1  4.00  5400.  0.0   0.8968   0.8107   0.6344   0.7436   1.1233   0.6640   0.7219   0.8391   0.9337    0.8790    0.9833    0.9082
a2  4.00  5400.  0.0  -0.9167  -0.9750  -0.6049  -0.5831  -1.3320  -0.6483  -0.5121  -0.6926  -0.8785   -0.7934   -0.8976   -0.9053
a3  4.00  5400.  0.0   1.1919   1.5018   1.3424   1.1046   1.4881   1.3094   1.0386   1.0691   1.1124    0.9057    0.8087    0.7953
a4  4.00  5400.  0.0  -0.2104  -0.4094  -0.4484  -0.3896  -0.3181  -0.3997  -0.3768  -0.3960  -0.4140   -0.3578   -0.2979   -0.2820
a1  4.50  5400.  0.0   1.0789   0.8992   0.6491   0.7149   1.2919   0.7030   0.6770   0.7662   0.8429    0.7494    0.8545    0.7817
a2  4.50  5400.  0.0  -1.3567  -1.2342  -0.7493  -0.6421  -1.7330  -0.8270  -0.5349  -0.6514  -0.8002   -0.5504   -0.5762   -0.5882
a3  4.50  5400.  0.0   1.5222   1.7430   1.5669   1.2386   1.7778   1.5358   1.1501   1.1134   1.1172    0.7078    0.4811    0.4674
a4  4.50  5400.  0.0  -0.2972  -0.4963  -0.5557  -0.4574  -0.3974  -0.5006  -0.4397  -0.4327  -0.4344   -0.2976   -0.1787   -0.1604
a1  5.00  5400.  0.0   1.1550   0.9254   0.6492   0.7138   1.3632   0.7264   0.6618   0.7433   0.8147    0.7191    0.8321    0.7593
a2  5.00  5400.  0.0  -1.4896  -1.2802  -0.7791  -0.6708  -1.8500  -0.8979  -0.5369  -0.6268  -0.7628   -0.4850   -0.5089   -0.5223
a3  5.00  5400.  0.0   1.5438   1.7431   1.6338   1.2835   1.7930   1.6137   1.1897   1.1182   1.1045    0.6571    0.4133    0.3979
a4  5.00  5400.  0.0  -0.2746  -0.4863  -0.5942  -0.4777  -0.3864  -0.5359  -0.4632  -0.4416  -0.4349   -0.2838   -0.1554   -0.1345
a1  3.50  5600.  0.0   0.9466   0.7880   0.5902   0.6607   1.1381   0.6217   0.6513   0.7236   0.7985    0.6791    0.7551    0.6779
a2  3.50  5600.  0.0  -1.1366  -1.0867  -0.6056  -0.5527  -1.6298  -0.7092  -0.5118  -0.6106  -0.7754   -0.4588   -0.4430   -0.4334
a3  3.50  5600.  0.0   1.5291   1.7029   1.3835   1.1363   1.9807   1.4776   1.0868   1.0457   1.0819    0.5976    0.3514    0.3233
a4  3.50  5600.  0.0  -0.4251  -0.5187  -0.4934  -0.4253  -0.5801  -0.5097  -0.4138  -0.4070  -0.4238   -0.2527   -0.1276   -0.1094
a1  4.00  5600.  0.0   0.8564   0.8014   0.6487   0.7669   1.0747   0.6822   0.7532   0.8593   0.9473    0.8835    0.9650    0.8820
a2  4.00  5600.  0.0  -0.8482  -0.9937  -0.6109  -0.6386  -1.3149  -0.7070  -0.5844  -0.7476  -0.9288   -0.8241   -0.9066   -0.8835
a3  4.00  5600.  0.0   1.2132   1.5952   1.3616   1.1581   1.5978   1.4272   1.0996   1.1100   1.1514    0.9197    0.8188    0.7724
a4  4.00  5600.  0.0  -0.2691  -0.4804  -0.4835  -0.4204  -0.4076  -0.4831  -0.4070  -0.4147  -0.4301   -0.3602   -0.2997   -0.2723
a1  4.50  5600.  0.0   1.0200   0.8773   0.6503   0.7248   1.2276   0.7060   0.6972   0.7765   0.8471    0.7553    0.8431    0.7650
a2  4.50  5600.  0.0  -1.2927  -1.2176  -0.7093  -0.6418  -1.7167  -0.8309  -0.5547  -0.6574  -0.8035   -0.5692   -0.6049   -0.5961
a3  4.50  5600.  0.0   1.5921   1.8031   1.5311   1.2222   1.9280   1.5862   1.1412   1.0886   1.0942    0.6984    0.5128    0.4788
a4  4.50  5600.  0.0  -0.3793  -0.5562  -0.5693  -0.4609  -0.5077  -0.5563  -0.4415  -0.4244  -0.4253   -0.2886   -0.1885   -0.1640
a1  5.00  5600.  0.0   1.1201   0.9158   0.6670   0.7400   1.3123   0.7394   0.6979   0.7702   0.8318    0.7324    0.8104    0.7507
a2  5.00  5600.  0.0  -1.5710  -1.3302  -0.8146  -0.7517  -1.9146  -0.9521  -0.6317  -0.7115  -0.8283   -0.5452   -0.5110   -0.5836
a3  5.00  5600.  0.0   1.8446   1.9462   1.7664   1.4299   2.0614   1.7935   1.3350   1.2364   1.1889    0.7319    0.4447    0.5104
a4  5.00  5600.  0.0  -0.4615  -0.6337  -0.7178  -0.5785  -0.5423  -0.6806  -0.5604  -0.5135  -0.4826   -0.3247   -0.1824   -0.1924
a1  3.50  5800.  0.0   0.8868   0.7527   0.5976   0.6746   1.0140   0.6192   0.6695   0.7310   0.7942    0.6776    0.7339    0.6585
a2  3.50  5800.  0.0  -0.9859  -1.0621  -0.6249  -0.5989  -1.3740  -0.7334  -0.5672  -0.6389  -0.7821   -0.4748   -0.4456   -0.4388
a3  3.50  5800.  0.0   1.4241   1.7670   1.4317   1.1913   1.7810   1.5714   1.1435   1.0648   1.0782    0.5987    0.3570    0.3368
a4  3.50  5800.  0.0  -0.4285  -0.5793  -0.5389  -0.4583  -0.5319  -0.5862  -0.4442  -0.4177  -0.4240   -0.2506   -0.1287   -0.1156
a1  4.00  5800.  0.0   0.8157   0.7842   0.6723   0.7893   0.9927   0.6987   0.7817   0.8746   0.9552    0.8831    0.9410    0.8597
a2  4.00  5800.  0.0  -0.7408  -0.9919  -0.6570  -0.7038  -1.1733  -0.7665  -0.6640  -0.7994  -0.9731   -0.8479   -0.8992   -0.8735
a3  4.00  5800.  0.0   1.1536   1.6634   1.4255   1.2301   1.5202   1.5431   1.1787   1.1548   1.1906    0.9319    0.8133    0.7658
a4  4.00  5800.  0.0  -0.2886  -0.5394  -0.5325  -0.4592  -0.4043  -0.5632  -0.4452  -0.4356  -0.4473   -0.3630   -0.2964   -0.2700
a1  4.50  5800.  0.0   0.9544   0.8532   0.6597   0.7373   1.1304   0.7090   0.7181   0.7866   0.8500    0.7581    0.8265    0.7479
a2  4.50  5800.  0.0  -1.1584  -1.1935  -0.7016  -0.6614  -1.5563  -0.8374  -0.5941  -0.6762  -0.8149   -0.5894   -0.6175   -0.6021
a3  4.50  5800.  0.0   1.5354   1.8525   1.5269   1.2340   1.8614   1.6325   1.1638   1.0860   1.0869    0.6984    0.5280    0.4903
a4  4.50  5800.  0.0  -0.4010  -0.6113  -0.5904  -0.4748  -0.5156  -0.6060  -0.4558  -0.4251  -0.4228   -0.2847   -0.1925   -0.1684
a1  5.00  5800.  0.0   1.0597   0.8905   0.6722   0.7495   1.2305   0.7372   0.7168   0.7807   0.8358    0.7383    0.7993    0.7377
a2  5.00  5800.  0.0  -1.5040  -1.3028  -0.7840  -0.7581  -1.8404  -0.9315  -0.6565  -0.7268  -0.8391   -0.5740   -0.5482   -0.6073
a3  5.00  5800.  0.0   1.9112   2.0012   1.7380   1.4329   2.1322   1.8087   1.3426   1.2319   1.1826    0.7439    0.4972    0.5452
a4  5.00  5800.  0.0  -0.5406  -0.6957  -0.7338  -0.5941  -0.6119  -0.7211  -0.5727  -0.5163  -0.4825   -0.3267   -0.2038   -0.2058
a1  3.50  7000.  0.0   0.9900   0.6667   0.6736   0.7503   0.8978   0.6481   0.7537   0.7798   0.7977    0.6962    0.6993    0.6425
a2  3.50  7000.  0.0  -1.0145  -1.0933  -0.9890  -0.9715  -1.2362  -0.9293  -0.9612  -0.8990  -0.9154   -0.6677   -0.6623   -0.7074
a3  3.50  7000.  0.0   1.3239   2.4823   2.2016   1.8070   2.0251   2.1904   1.7506   1.3903   1.2056    0.7454    0.6201    0.6709
a4  3.50  7000.  0.0  -0.4739  -1.2010  -1.0606  -0.8250  -0.8497  -1.0759  -0.7906  -0.5913  -0.4890   -0.2959   -0.2283   -0.2469
a1  4.00  7000.  0.0   0.8677   0.7504   0.8021   0.9100   0.8554   0.7686   0.9088   0.9582   0.9852    0.8875    0.8747    0.8048
a2  4.00  7000.  0.0  -0.5710  -1.1776  -1.1593  -1.2194  -0.9583  -1.0900  -1.1971  -1.1858  -1.2145   -1.0312   -1.0240   -1.0065
a3  4.00  7000.  0.0   0.8634   2.4762   2.3038   2.0013   1.6564   2.2806   1.9380   1.6366   1.4574    1.1023    0.9903    0.9471
a4  4.00  7000.  0.0  -0.2804  -1.1571  -1.0781  -0.8808  -0.6695  -1.0855  -0.8458  -0.6715  -0.5691   -0.4259   -0.3674   -0.3413
a1  4.50  7000.  0.0   0.8897   0.7448   0.7384   0.8261   0.8983   0.7262   0.8243   0.8639   0.8856    0.7743    0.7651    0.6955
a2  4.50  7000.  0.0  -0.8047  -1.0753  -0.9344  -1.0176  -1.1023  -0.9072  -1.0026  -1.0207  -1.0596   -0.8133   -0.7789   -0.7687
a3  4.50  7000.  0.0   1.2276   2.2334   2.0045   1.7916   1.7781   2.0019   1.7481   1.5245   1.3687    0.9390    0.7766    0.7340
a4  4.50  7000.  0.0  -0.4369  -1.0275  -0.9615  -0.8150  -0.7013  -0.9670  -0.7909  -0.6564  -0.5617   -0.3872   -0.3041   -0.2706
a1  5.00  7000.  0.0   0.8956   0.7668   0.7343   0.8148   0.9279   0.7367   0.8090   0.8445   0.8631    0.7474    0.7361    0.6680
a2  5.00  7000.  0.0  -0.9554  -1.0972  -0.8877  -0.9850  -1.2084  -0.8984  -0.9616  -0.9854  -1.0263   -0.7624   -0.7130   -0.7073
a3  5.00  7000.  0.0   1.4923   2.1767   1.9199   1.7436   1.8818   1.9445   1.7024   1.4983   1.3521    0.9080    0.7254    0.6849
a4  5.00  7000.  0.0  -0.5515  -0.9770  -0.9251  -0.7956  -0.7307  -0.9343  -0.7768  -0.6521  -0.5614   -0.3828   -0.2912   -0.2560
a1  3.50  7200.  0.0   1.0414   0.6013   0.6391   0.7323   0.8841   0.6051   0.7384   0.7753   0.7944    0.7047    0.7058    0.6517
a2  3.50  7200.  0.0  -1.1473  -0.8584  -0.8636  -0.9155  -1.1684  -0.7648  -0.9157  -0.8908  -0.9146   -0.7059   -0.7173   -0.7681
a3  3.50  7200.  0.0   1.4366   2.2707   2.1013   1.7720   1.9624   2.0369   1.7263   1.3894   1.2040    0.7749    0.6806    0.7378
a4  3.50  7200.  0.0  -0.5158  -1.1653  -1.0581  -0.8350  -0.8490  -1.0504  -0.8032  -0.6016  -0.4929   -0.3046   -0.2504   -0.2716
a1  4.00  7200.  0.0   0.9213   0.6755   0.7511   0.8816   0.8470   0.7109   0.8842   0.9515   0.9829    0.8882    0.8718    0.8019
a2  4.00  7200.  0.0  -0.6940  -0.8406  -0.9187  -1.0994  -0.8824  -0.8116  -1.0943  -1.1719  -1.2320   -1.0566   -1.0543   -1.0354
a3  4.00  7200.  0.0   0.9707   2.1014   2.0399   1.8977   1.5827   1.9576   1.8540   1.6598   1.5099    1.1419    1.0383    0.9854
a4  4.00  7200.  0.0  -0.3260  -1.0540  -1.0148  -0.8792  -0.6709  -0.9936  -0.8501  -0.7114  -0.6107   -0.4506   -0.3928   -0.3572
a1  4.50  7200.  0.0   0.9209   0.7125   0.7252   0.8190   0.8976   0.7081   0.8196   0.8622   0.8827    0.7739    0.7610    0.6911
a2  4.50  7200.  0.0  -0.8423  -0.9687  -0.8859  -1.0016  -1.0837  -0.8355  -0.9955  -1.0271  -1.0660   -0.8285   -0.8020   -0.7882
a3  4.50  7200.  0.0   1.2194   2.1723   1.9803   1.7974   1.7753   1.9485   1.7616   1.5406   1.3770    0.9451    0.7986    0.7531
a4  4.50  7200.  0.0  -0.4317  -1.0459  -0.9798  -0.8370  -0.7230  -0.9738  -0.8143  -0.6727  -0.5695   -0.3875   -0.3101   -0.2763
a1  5.00  7200.  0.0   0.9099   0.7429   0.7254   0.8096   0.9203   0.7234   0.8064   0.8431   0.8600    0.7450    0.7299    0.6612
a2  5.00  7200.  0.0  -0.9340  -1.0303  -0.8558  -0.9776  -1.1679  -0.8459  -0.9630  -0.9949  -1.0339   -0.7746   -0.7317   -0.7204
a3  5.00  7200.  0.0   1.4195   2.1647   1.9055   1.7548   1.8464   1.9076   1.7200   1.5154   1.3606    0.9120    0.7430    0.6972
a4  5.00  7200.  0.0  -0.5239  -1.0124  -0.9413  -0.8167  -0.7346  -0.9436  -0.7984  -0.6669  -0.5684   -0.3824   -0.2954   -0.2590
a1  3.50  7400.  0.0   1.1056   0.5042   0.5816   0.7037   0.8641   0.5370   0.7136   0.7738   0.7998    0.7153    0.7066    0.6700
a2  3.50  7400.  0.0  -1.3547  -0.5163  -0.6763  -0.8522  -1.0913  -0.5291  -0.8673  -0.9295  -0.9789   -0.7853   -0.7799   -0.8838
a3  3.50  7400.  0.0   1.6402   1.9182   1.9338   1.7498   1.8796   1.8017   1.7208   1.4738   1.3088    0.8825    0.7761    0.8914
a4  3.50  7400.  0.0  -0.5877  -1.0674  -1.0291  -0.8555  -0.8332  -0.9916  -0.8290  -0.6536  -0.5462   -0.3521   -0.2938   -0.3359
a1  4.00  7400.  0.0   0.9981   0.6171   0.7178   0.8676   0.8578   0.6704   0.8737   0.9564   0.9913    0.8908    0.8607    0.8056
a2  4.00  7400.  0.0  -0.9211  -0.6333  -0.8190  -1.0896  -0.9007  -0.6759  -1.0978  -1.2370  -1.3127   -1.1159   -1.0815   -1.1099
a3  4.00  7400.  0.0   1.1995   1.9159   1.9796   1.9419   1.6183   1.8471   1.9123   1.7791   1.6376    1.2284    1.0916    1.0937
a4  4.00  7400.  0.0  -0.4117  -1.0246  -1.0288  -0.9270  -0.7056  -0.9858  -0.9020  -0.7785  -0.6742   -0.4903   -0.4188   -0.4044
a1  4.50  7400.  0.0   0.9579   0.6667   0.6999   0.8043   0.8946   0.6781   0.8076   0.8569   0.8781    0.7737    0.7574    0.6881
a2  4.50  7400.  0.0  -0.9125  -0.7978  -0.7849  -0.9528  -1.0518  -0.7124  -0.9571  -1.0173  -1.0642   -0.8435   -0.8245   -0.8108
a3  4.50  7400.  0.0   1.2542   2.0190   1.8858   1.7596   1.7510   1.8255   1.7348   1.5360   1.3749    0.9500    0.8196    0.7761
a4  4.50  7400.  0.0  -0.4430  -1.0238  -0.9685  -0.8409  -0.7350  -0.9509  -0.8213  -0.6806  -0.5730   -0.3869   -0.3157   -0.2838
a1  5.00  7400.  0.0   0.9350   0.7093   0.7077   0.7986   0.9191   0.7014   0.7983   0.8389   0.8558    0.7431    0.7243    0.6562
a2  5.00  7400.  0.0  -0.9583  -0.9159  -0.7886  -0.9472  -1.1493  -0.7585  -0.9425  -0.9933  -1.0363   -0.7873   -0.7502   -0.7381
a3  5.00  7400.  0.0   1.3986   2.0863   1.8470   1.7375   1.8398   1.8251   1.7117   1.5196   1.3632    0.9165    0.7603    0.7152
a4  5.00  7400.  0.0  -0.5137  -1.0202  -0.9401  -0.8265  -0.7522  -0.9338  -0.8104  -0.6771  -0.5732   -0.3819   -0.2996   -0.2647
a1  3.50  7600.  0.0   1.1437   0.4077   0.5210   0.6721   0.8286   0.4707   0.6855   0.7662   0.7976    0.7317    0.7233    0.6880
a2  3.50  7600.  0.0  -1.4474  -0.1088  -0.4090  -0.7134  -0.9251  -0.2351  -0.7446  -0.8914  -0.9688   -0.8491   -0.8655   -0.9650
a3  3.50  7600.  0.0   1.6991   1.4043   1.5917   1.5697   1.6536   1.4216   1.5628   1.4137   1.2819    0.9393    0.8717    0.9771
a4  3.50  7600.  0.0  -0.6051  -0.8738  -0.9029  -0.7914  -0.7486  -0.8478  -0.7742  -0.6330  -0.5356   -0.3704   -0.3296   -0.3665
a1  4.00  7600.  0.0   1.0499   0.5527   0.6798   0.8492   0.8519   0.6277   0.8584   0.9544   0.9905    0.8983    0.8650    0.8099
a2  4.00  7600.  0.0  -1.0292  -0.3447  -0.6375  -1.0046  -0.8200  -0.4718  -1.0269  -1.2252  -1.3161   -1.1586   -1.1336   -1.1546
a3  4.00  7600.  0.0   1.2640   1.5712   1.7574   1.8381   1.4997   1.5948   1.8271   1.7577   1.6319    1.2628    1.1483    1.1389
a4  4.00  7600.  0.0  -0.4297  -0.9122  -0.9587  -0.8985  -0.6699  -0.9029  -0.8807  -0.7759  -0.6735   -0.4998   -0.4384   -0.4193
a1  4.50  7600.  0.0   0.9958   0.6070   0.6624   0.7820   0.8849   0.6359   0.7885   0.8480   0.8716    0.7738    0.7540    0.6860
a2  4.50  7600.  0.0  -0.9978  -0.5557  -0.6251  -0.8668  -0.9894  -0.5314  -0.8844  -0.9898  -1.0524   -0.8583   -0.8458   -0.8349
a3  4.50  7600.  0.0   1.3134   1.7590   1.7070   1.6684   1.6810   1.6196   1.6600   1.5062   1.3591    0.9544    0.8394    0.8014
a4  4.50  7600.  0.0  -0.4649  -0.9531  -0.9198  -0.8211  -0.7258  -0.8911  -0.8076  -0.6776  -0.5706   -0.3858   -0.3209   -0.2925
a1  5.00  7600.  0.0   0.9659   0.6637   0.6797   0.7812   0.9152   0.6690   0.7836   0.8314   0.8498    0.7413    0.7191    0.6524
a2  5.00  7600.  0.0  -1.0130  -0.7429  -0.6756  -0.8876  -1.1174  -0.6254  -0.8936  -0.9771  -1.0310   -0.7990   -0.7681   -0.7580
a3  5.00  7600.  0.0   1.4175   1.9229   1.7267   1.6814   1.8137   1.6803   1.6664   1.5052   1.3562    0.9192    0.7768    0.7360
a4  5.00  7600.  0.0  -0.5192  -0.9908  -0.9128  -0.8203  -0.7621  -0.8973  -0.8074  -0.6798  -0.5741   -0.3806   -0.3036   -0.2716
a1  3.50  7800.  0.0   1.1711   0.3193   0.4601   0.6352   0.7902   0.4070   0.6516   0.7535   0.7937    0.7480    0.7406    0.7051
a2  3.50  7800.  0.0  -1.5120   0.2909  -0.1138  -0.5248  -0.7461   0.0706  -0.5715  -0.8111  -0.9342   -0.8995   -0.9371   -1.0328
a3  3.50  7800.  0.0   1.7369   0.8332   1.1632   1.2890   1.3854   0.9738   1.3061   1.2823   1.2159    0.9777    0.9461    1.0472
a4  3.50  7800.  0.0  -0.6162  -0.6199  -0.7153  -0.6698  -0.6286  -0.6479  -0.6639  -0.5769  -0.5069   -0.3816   -0.3567   -0.3918
a1  4.00  7800.  0.0   1.0859   0.4768   0.6298   0.8213   0.8314   0.5737   0.8335   0.9444   0.9832    0.9026    0.8680    0.8116
a2  4.00  7800.  0.0  -1.0997   0.0104  -0.3918  -0.8686  -0.6869  -0.2069  -0.9056  -1.1742  -1.2878   -1.1828   -1.1704   -1.1828
a3  4.00  7800.  0.0   1.2991   1.1110   1.4307   1.6543   1.3091   1.2425   1.6642   1.6792   1.5830    1.2723    1.1826    1.1638
a4  4.00  7800.  0.0  -0.4399  -0.7386  -0.8357  -0.8307  -0.6001  -0.7688  -0.8221  -0.7469  -0.6538   -0.4986   -0.4484   -0.4264
a1  4.50  7800.  0.0   1.0577   0.5257   0.6067   0.7513   0.8780   0.5735   0.7618   0.8416   0.8731    0.7744    0.7448    0.6931
a2  4.50  7800.  0.0  -1.2046  -0.2436  -0.4228  -0.7819  -0.9560  -0.2984  -0.8160  -1.0066  -1.1031   -0.9081   -0.8754   -0.9155
a3  4.50  7800.  0.0   1.5365   1.4129   1.4923   1.6043   1.6504   1.3636   1.6162   1.5606   1.4476    1.0300    0.8963    0.9163
a4  4.50  7800.  0.0  -0.5520  -0.8466  -0.8606  -0.8192  -0.7297  -0.8143  -0.8135  -0.7165  -0.6173   -0.4211   -0.3489   -0.3423
a1  5.00  7800.  0.0   0.9985   0.6062   0.6414   0.7574   0.9043   0.6265   0.7628   0.8208   0.8421    0.7394    0.7141    0.6494
a2  5.00  7800.  0.0  -1.0835  -0.5062  -0.5123  -0.7961  -1.0541  -0.4429  -0.8139  -0.9445  -1.0169   -0.8098   -0.7848   -0.7793
a3  5.00  7800.  0.0   1.4605   1.6626   1.5334   1.5789   1.7409   1.4638   1.5776   1.4676   1.3371    0.9205    0.7920    0.7589
a4  5.00  7800.  0.0  -0.5349  -0.9171  -0.8529  -0.7934  -0.7502  -0.8285  -0.7854  -0.6725  -0.5697   -0.3785   -0.3072   -0.2796
a1  3.50  8000.  0.0   1.1922   0.2590   0.4104   0.5994   0.7622   0.3588   0.6186   0.7387   0.7906    0.7644    0.7585    0.7218
a2  3.50  8000.  0.0  -1.5616   0.5983   0.1724  -0.3006  -0.6088   0.3404  -0.3625  -0.6935  -0.8824   -0.9393   -0.9987   -1.0917
a3  3.50  8000.  0.0   1.7617   0.2718   0.6649   0.9095   1.1196   0.4840   0.9531   1.0774   1.1166    1.0008    1.0061    1.1071
a4  3.50  8000.  0.0  -0.6206  -0.3061  -0.4578  -0.4855  -0.4758  -0.3821  -0.4934  -0.4825  -0.4625   -0.3874   -0.3789   -0.4139
a1  4.00  8000.  0.0   1.1119   0.4060   0.5819   0.7936   0.8052   0.5219   0.8081   0.9328   0.9746    0.9056    0.8700    0.8122
a2  4.00  8000.  0.0  -1.1474   0.3600  -0.1416  -0.7214  -0.5360   0.0598  -0.7705  -1.1082  -1.2485   -1.1993   -1.1975   -1.2034
a3  4.00  8000.  0.0   1.3167   0.6269   1.0732   1.4368   1.0867   0.8628   1.4657   1.5704   1.5144    1.2712    1.2037    1.1804
a4  4.00  8000.  0.0  -0.4453  -0.5400  -0.6877  -0.7401  -0.5101  -0.6107  -0.7407  -0.7006  -0.6238   -0.4927   -0.4529   -0.4308
a1  4.50  8000.  0.0   1.0982   0.4580   0.5638   0.7291   0.8612   0.5256   0.7420   0.8357   0.8703    0.7806    0.7484    0.6973
a2  4.50  8000.  0.0  -1.2932   0.0772  -0.2064  -0.6703  -0.8424  -0.0608  -0.7157  -0.9736  -1.0945   -0.9457   -0.9222   -0.9574
a3  4.50  8000.  0.0   1.5879   0.9961   1.1963   1.4471   1.4813   1.0413   1.4748   1.5014   1.4207    1.0570    0.9453    0.9582
a4  4.50  8000.  0.0  -0.5669  -0.6913  -0.7470  -0.7603  -0.6671  -0.6901  -0.7615  -0.6938  -0.6053   -0.4268   -0.3651   -0.3561
a1  5.00  8000.  0.0   1.0491   0.5325   0.5895   0.7272   0.8951   0.5690   0.7363   0.8118   0.8405    0.7391    0.7074    0.6546
a2  5.00  8000.  0.0  -1.2467  -0.2104  -0.3115  -0.6994  -1.0101  -0.2166  -0.7323  -0.9397  -1.0455   -0.8475   -0.8139   -0.8440
a3  5.00  8000.  0.0   1.6308   1.3242   1.3027   1.4844   1.6933   1.1995   1.5018   1.4831   1.3886    0.9737    0.8405    0.8474
a4  5.00  8000.  0.0  -0.6022  -0.8092  -0.7799  -0.7737  -0.7460  -0.7416  -0.7729  -0.6917  -0.5986   -0.4025   -0.3295   -0.3171
a1  3.50  8200.  0.0   1.2176   0.2696   0.3862   0.5641   0.7747   0.3498   0.5860   0.7207   0.7866    0.7775    0.7714    0.7382
a2  3.50  8200.  0.0  -1.6456   0.6009   0.3660  -0.0617  -0.6559   0.4482  -0.1403  -0.5567  -0.8254   -0.9715   -1.0451   -1.1534
a3  3.50  8200.  0.0   1.8447   0.1474   0.2571   0.4799   1.1382   0.2035   0.5541   0.8383   1.0104    1.0226    1.0539    1.1774
a4  3.50  8200.  0.0  -0.6522  -0.1920  -0.2217  -0.2664  -0.4609  -0.2006  -0.2912  -0.3706  -0.4157   -0.3958   -0.3986   -0.4424
a1  4.00  8200.  0.0   1.1332   0.3706   0.5724   0.7963   0.7912   0.5053   0.8099   0.9344   0.9719    0.9091    0.8724    0.8135
a2  4.00  8200.  0.0  -1.1817   0.5095  -0.0885  -0.7125  -0.4622   0.1350  -0.7582  -1.0903  -1.2218   -1.2088   -1.2159   -1.2199
a3  4.00  8200.  0.0   1.3213   0.4135   0.9782   1.3855   0.9669   0.7407   1.4110   1.4977   1.4401    1.2477    1.2036    1.1898
a4  4.00  8200.  0.0  -0.4461  -0.4425  -0.6384  -0.7038  -0.4557  -0.5489  -0.7039  -0.6537  -0.5805   -0.4719   -0.4452   -0.4324
a1  4.50  8200.  0.0   1.1277   0.3931   0.5208   0.7046   0.8380   0.4778   0.7192   0.8255   0.8634    0.7836    0.7503    0.6992
a2  4.50  8200.  0.0  -1.3545   0.4035   0.0238  -0.5378  -0.7072   0.1881  -0.5919  -0.9151  -1.0641   -0.9663   -0.9538   -0.9857
a3  4.50  8200.  0.0   1.6173   0.5473   0.8627   1.2480   1.2806   0.6852   1.2892   1.4011   1.3630    1.0616    0.9732    0.9844
a4  4.50  8200.  0.0  -0.5757  -0.5110  -0.6084  -0.6771  -0.5873  -0.5422  -0.6848  -0.6503  -0.5794   -0.4231   -0.3724   -0.3643
a1  5.00  8200.  0.0   1.0878   0.4622   0.5415   0.6986   0.8773   0.5159   0.7103   0.8007   0.8346    0.7400    0.7059    0.6573
a2  5.00  8200.  0.0  -1.3468   0.1147  -0.0864  -0.5743  -0.9079   0.0304  -0.6185  -0.8987  -1.0363   -0.8738   -0.8459   -0.8853
a3  5.00  8200.  0.0   1.7075   0.9063   1.0013   1.3193   1.5468   0.8708   1.3515   1.4250   1.3719    0.9959    0.8778    0.8951
a4  5.00  8200.  0.0  -0.6286  -0.6546  -0.6645  -0.7136  -0.6935  -0.6151  -0.7191  -0.6724  -0.5936   -0.4088   -0.3430   -0.3350
a1  3.50  8400.  0.0   1.2334   0.2272   0.3487   0.5148   0.7495   0.3122   0.5387   0.6824   0.7651    0.7746    0.7698    0.7518
a2  3.50  8400.  0.0  -1.7291   0.8883   0.6283   0.2119  -0.5339   0.7040   0.1195  -0.3745  -0.7304   -0.9668   -1.0538   -1.2199
a3  3.50  8400.  0.0   1.9465  -0.2766  -0.1489   0.0663   0.9745  -0.1849   0.1657   0.5843   0.8889    1.0243    1.0751    1.2709
a4  3.50  8400.  0.0  -0.6929  -0.0204  -0.0482  -0.0851  -0.4003  -0.0375  -0.1234  -0.2679  -0.3725   -0.4027   -0.4127   -0.4843
a1  4.00  8400.  0.0   1.1524   0.2662   0.4702   0.7101   0.7479   0.4048   0.7275   0.8732   0.9284    0.8795    0.8446    0.8063
a2  4.00  8400.  0.0  -1.3030   1.0060   0.3800  -0.3510  -0.2911   0.5986  -0.4161  -0.8694  -1.0882   -1.1316   -1.1473   -1.2344
a3  4.00  8400.  0.0   1.4906  -0.3339   0.3114   0.9072   0.7134   0.0657   0.9633   1.2374   1.3052    1.1767    1.1422    1.2371
a4  4.00  8400.  0.0  -0.5166  -0.0915  -0.3441  -0.5073  -0.3332  -0.2422  -0.5222  -0.5591  -0.5399   -0.4526   -0.4285   -0.4600
a1  4.50  8400.  0.0   1.1520   0.3446   0.4912   0.6886   0.8192   0.4440   0.7040   0.8184   0.8578    0.7866    0.7523    0.7013
a2  4.50  8400.  0.0  -1.4024   0.6738   0.2095  -0.4293  -0.5895   0.3882  -0.4880  -0.8608  -1.0318   -0.9837   -0.9802   -1.0109
a3  4.50  8400.  0.0   1.6343   0.1450   0.5669   1.0629   1.0949   0.3729   1.1125   1.2940   1.2959    1.0608    0.9927    1.0072
a4  4.50  8400.  0.0  -0.5798  -0.3359  -0.4747  -0.5913  -0.5082  -0.4014  -0.6038  -0.5987  -0.5469   -0.4167   -0.3762   -0.3716
a1  5.00  8400.  0.0   1.1172   0.3993   0.5005   0.6744   0.8566   0.4697   0.6878   0.7899   0.8273    0.7414    0.7062    0.6582
a2  5.00  8400.  0.0  -1.4098   0.4377   0.1335  -0.4472  -0.7835   0.2714  -0.4991  -0.8433  -1.0095   -0.8931   -0.8743   -0.9116
a3  5.00  8400.  0.0   1.7359   0.4606   0.6821   1.1304   1.3598   0.5258   1.1738   1.3322   1.3217    1.0022    0.9035    0.9199
a4  5.00  8400.  0.0  -0.6352  -0.4770  -0.5322  -0.6359  -0.6196  -0.4726  -0.6466  -0.6329  -0.5714   -0.4065   -0.3498   -0.3428
a1  3.50  8600.  0.0   1.2456   0.1871   0.3296   0.5235   0.7281   0.2901   0.5466   0.6987   0.7820    0.7976    0.7914    0.7719
a2  3.50  8600.  0.0  -1.7516   1.1491   0.7820   0.2115  -0.4070   0.8692   0.1230  -0.4216  -0.7804   -1.0544   -1.1431   -1.2939
a3  3.50  8600.  0.0   1.9370  -0.6877  -0.3950   0.0475   0.7800  -0.4449   0.1394   0.6220   0.9290    1.1182    1.1766    1.3485
a4  3.50  8600.  0.0  -0.6828   0.1604   0.0534  -0.0820  -0.3202   0.0700  -0.1158  -0.2812  -0.3848   -0.4364   -0.4508   -0.5119
a1  4.00  8600.  0.0   1.1989   0.3403   0.5078   0.7235   0.7986   0.4568   0.7404   0.8838   0.9408    0.8949    0.8573    0.8190
a2  4.00  8600.  0.0  -1.4100   0.7408   0.3242  -0.2996  -0.4552   0.4532  -0.3660  -0.8377  -1.0961   -1.1940   -1.2148   -1.2966
a3  4.00  8600.  0.0   1.5610  -0.1759   0.1764   0.6755   0.8213   0.0623   0.7398   1.0909   1.2514    1.2265    1.2128    1.3021
a4  4.00  8600.  0.0  -0.5377  -0.0542  -0.1943  -0.3509  -0.3314  -0.1457  -0.3727  -0.4690  -0.5041   -0.4681   -0.4554   -0.4842
a1  4.50  8600.  0.0   1.1723   0.3168   0.4853   0.6962   0.8082   0.4319   0.7101   0.8248   0.8589    0.7906    0.7551    0.7041
a2  4.50  8600.  0.0  -1.4373   0.8246   0.2671  -0.4342  -0.5176   0.4660  -0.4856  -0.8644  -1.0236   -1.0024   -1.0042   -1.0344
a3  4.50  8600.  0.0   1.6333  -0.0924   0.4512   1.0303   0.9695   0.2336   1.0694   1.2544   1.2498    1.0557    1.0046    1.0266
a4  4.50  8600.  0.0  -0.5746  -0.2241  -0.4138  -0.5654  -0.4502  -0.3304  -0.5737  -0.5683  -0.5172   -0.4052   -0.3749   -0.3774
a1  5.00  8600.  0.0   1.1415   0.3426   0.4647   0.6538   0.8359   0.4288   0.6682   0.7807   0.8205    0.7421    0.7065    0.6593
a2  5.00  8600.  0.0  -1.4604   0.7612   0.3496  -0.3243  -0.6531   0.5094  -0.3807  -0.7893  -0.9813   -0.9095   -0.8993   -0.9362
a3  5.00  8600.  0.0   1.7529  -0.0130   0.3514   0.9371   1.1577   0.1668   0.9869   1.2361   1.2677    1.0054    0.9250    0.9434
a4  5.00  8600.  0.0  -0.6371  -0.2777  -0.3894  -0.5527  -0.5363  -0.3178  -0.5666  -0.5902  -0.5471   -0.4029   -0.3552   -0.3504
a1  3.50  8800.  0.0   1.2546   0.1821   0.3352   0.5365   0.7185   0.2929   0.5595   0.7145   0.7997    0.8199    0.8119    0.7890
a2  3.50  8800.  0.0  -1.7738   1.2408   0.8323   0.2034  -0.3368   0.9259   0.1144  -0.4592  -0.8266   -1.1346   -1.2228   -1.3539
a3  3.50  8800.  0.0   1.9397  -0.8651  -0.5192   0.0159   0.6668  -0.5664   0.1086   0.6371   0.9584    1.2026    1.2645    1.4089
a4  3.50  8800.  0.0  -0.6813   0.2441   0.1132  -0.0628  -0.2760   0.1238  -0.0968  -0.2814  -0.3912   -0.4671   -0.4835   -0.5328
a1  4.00  8800.  0.0   1.2352   0.4339   0.5843   0.7489   0.8451   0.5377   0.7646   0.8913   0.9491    0.9068    0.8680    0.8273
a2  4.00  8800.  0.0  -1.4993   0.4148   0.1011  -0.3093  -0.6022   0.1923  -0.3728  -0.8059  -1.0955   -1.2473   -1.2730   -1.3416
a3  4.00  8800.  0.0   1.6326   0.2261   0.3566   0.5480   0.9955   0.3295   0.6148   0.9530   1.1922    1.2719    1.2744    1.3475
a4  4.00  8800.  0.0  -0.5678  -0.2247  -0.2320  -0.2495  -0.4120  -0.2360  -0.2758  -0.3848  -0.4672   -0.4839   -0.4793   -0.5005
a1  4.50  8800.  0.0   1.1971   0.2848   0.4459   0.6510   0.7964   0.3964   0.6655   0.7857   0.8305    0.7733    0.7403    0.7062
a2  4.50  8800.  0.0  -1.5534   1.0183   0.4993  -0.1978  -0.4646   0.6723  -0.2547  -0.6881  -0.9122   -0.9527   -0.9713   -1.0690
a3  4.50  8800.  0.0   1.7861  -0.4812   0.0390   0.6550   0.8513  -0.1488   0.7052   0.9993   1.1044    0.9990    0.9742    1.0863
a4  4.50  8800.  0.0  -0.6405   0.0044  -0.1967  -0.3866  -0.3750  -0.1195  -0.4014  -0.4572  -0.4606   -0.3866   -0.3677   -0.4074
a1  5.00  8800.  0.0   1.1642   0.3140   0.4519   0.6482   0.8252   0.4122   0.6622   0.7783   0.8169    0.7440    0.7074    0.6610
a2  5.00  8800.  0.0  -1.5071   0.9627   0.4679  -0.2589  -0.5654   0.6425  -0.3132  -0.7565  -0.9594   -0.9277   -0.9231   -0.9603
a3  5.00  8800.  0.0   1.7655  -0.3429   0.1347   0.8031   1.0041  -0.0667   0.8498   1.1537   1.2119    1.0081    0.9427    0.9656
a4  5.00  8800.  0.0  -0.6372  -0.1257  -0.2839  -0.4853  -0.4678  -0.2057  -0.4980  -0.5465  -0.5180   -0.3981   -0.3585   -0.3576
a1  3.50  9000.  0.0   1.2545   0.1918   0.3306   0.5163   0.7128   0.2876   0.5379   0.6819   0.7734    0.8027    0.7996    0.7902
a2  3.50  9000.  0.0  -1.8309   1.3276   0.9858   0.3841  -0.2834   1.0780   0.2951  -0.2733  -0.6811   -1.0470   -1.1607   -1.3556
a3  3.50  9000.  0.0   2.0652  -1.0504  -0.7990  -0.2726   0.5972  -0.8384  -0.1756   0.3744   0.7616    1.0933    1.1896    1.4249
a4  3.50  9000.  0.0  -0.7444   0.3342   0.2436   0.0655  -0.2516   0.2481   0.0286  -0.1710  -0.3113   -0.4256   -0.4559   -0.5448
a1  4.00  9000.  0.0   1.2459   0.4018   0.5611   0.7508   0.8348   0.5121   0.7657   0.8916   0.9398    0.8956    0.8575    0.8085
a2  4.00  9000.  0.0  -1.5340   0.7062   0.2976  -0.2931  -0.4905   0.4129  -0.3532  -0.8239  -1.0845   -1.2404   -1.2659   -1.3048
a3  4.00  9000.  0.0   1.6485  -0.2905   0.0237   0.5110   0.7876  -0.0466   0.5699   0.9648   1.1635    1.2522    1.2564    1.2987
a4  4.00  9000.  0.0  -0.5731   0.0201  -0.0878  -0.2448  -0.3175  -0.0692  -0.2657  -0.3920  -0.4527   -0.4705   -0.4671   -0.4790
a1  4.50  9000.  0.0   1.2479   0.4422   0.5407   0.6851   0.8815   0.5123   0.6985   0.7985   0.8371    0.7796    0.7447    0.7033
a2  4.50  9000.  0.0  -1.6810   0.4252   0.2382  -0.1979  -0.7601   0.2905  -0.2538  -0.6492  -0.8925   -0.9869   -1.0118   -1.0836
a3  4.50  9000.  0.0   1.8861   0.1109   0.1253   0.4317   1.1409   0.1316   0.4878   0.8050   0.9905    1.0032    1.0011    1.0895
a4  4.50  9000.  0.0  -0.6824  -0.1475  -0.1222  -0.2141  -0.4625  -0.1362  -0.2351  -0.3365  -0.3942   -0.3815   -0.3744   -0.4061
a1  5.00  9000.  0.0   1.1777   0.3494   0.5038   0.6862   0.8347   0.4576   0.6956   0.7823   0.8013    0.7260    0.6909    0.6484
a2  5.00  9000.  0.0  -1.5297   0.8180   0.2695  -0.3805  -0.5943   0.4605  -0.4140  -0.7384  -0.8781   -0.8622   -0.8745   -0.9417
a3  5.00  9000.  0.0   1.7606  -0.1981   0.3356   0.8779   1.0098   0.1214   0.8952   1.0390   1.0379    0.8795    0.8533    0.9409
a4  5.00  9000.  0.0  -0.6394  -0.1611  -0.3398  -0.4818  -0.4633  -0.2579  -0.4821  -0.4649  -0.4227   -0.3312   -0.3141   -0.3495
a1  3.50  9200.  0.0   1.2550   0.2000   0.3503   0.5454   0.7030   0.2963   0.5664   0.7095   0.7979    0.8235    0.8181    0.7997
a2  3.50  9200.  0.0  -1.8317   1.3082   0.9387   0.2852  -0.2286   1.0747   0.1989  -0.3706  -0.7612   -1.1204   -1.2284   -1.3857
a3  3.50  9200.  0.0   2.0521  -1.0370  -0.7747  -0.1718   0.5070  -0.8716  -0.0786   0.4702   0.8317    1.1628    1.2554    1.4449
a4  3.50  9200.  0.0  -0.7403   0.3243   0.2379   0.0269  -0.2161   0.2668  -0.0080  -0.2037  -0.3318   -0.4470   -0.4768   -0.5484
a1  4.00  9200.  0.0   1.2376   0.4060   0.5571   0.7308   0.8239   0.5078   0.7443   0.8594   0.9098    0.8728    0.8386    0.8006
a2  4.00  9200.  0.0  -1.5709   0.8041   0.4214  -0.1428  -0.4345   0.5397  -0.2019  -0.6667  -0.9531   -1.1540   -1.1985   -1.2901
a3  4.00  9200.  0.0   1.7410  -0.4898  -0.2072   0.2696   0.7136  -0.2799   0.3301   0.7431   0.9892    1.1471    1.1776    1.2966
a4  4.00  9200.  0.0  -0.6226   0.1158   0.0203  -0.1371  -0.2910   0.0385  -0.1592  -0.2984  -0.3819   -0.4302   -0.4378   -0.4834
a1  4.50  9200.  0.0   1.2664   0.4212   0.5375   0.6823   0.8710   0.5013   0.6965   0.7995   0.8395    0.7839    0.7483    0.7112
a2  4.50  9200.  0.0  -1.7437   0.6003   0.3088  -0.1704  -0.6812   0.4012  -0.2297  -0.6639  -0.9188   -1.0338   -1.0566   -1.1323
a3  4.50  9200.  0.0   1.9332  -0.1631   0.0043   0.3790   1.0099  -0.0453   0.4391   0.8164   1.0189    1.0650    1.0616    1.1476
a4  4.50  9200.  0.0  -0.6948  -0.0357  -0.0772  -0.1946  -0.4085  -0.0674  -0.2169  -0.3424  -0.4061   -0.4071   -0.3995   -0.4283
a1  5.00  9200.  0.0   1.2132   0.3650   0.5123   0.6806   0.8488   0.4693   0.6909   0.7807   0.8053    0.7337    0.6977    0.6605
a2  5.00  9200.  0.0  -1.6381   0.8295   0.3250  -0.2838  -0.6102   0.4902  -0.3236  -0.6940  -0.8783   -0.9062   -0.9225   -1.0004
a3  5.00  9200.  0.0   1.8620  -0.3772   0.1247   0.6546   0.9502  -0.0571   0.6831   0.9301   1.0128    0.9304    0.9145    1.0102
a4  5.00  9200.  0.0  -0.6762  -0.0082  -0.1969  -0.3580  -0.4062  -0.1229  -0.3643  -0.4086  -0.4101   -0.3535   -0.3409   -0.3770
a1  3.50  9400.  0.0   1.1832   0.2607   0.4431   0.6535   0.6855   0.3763   0.6704   0.8159   0.8956    0.9078    0.8896    0.8496
a2  3.50  9400.  0.0  -1.5221   1.1817   0.7221   0.0261  -0.0855   0.8997  -0.0464  -0.6113  -0.9671   -1.2973   -1.3784   -1.4546
a3  3.50  9400.  0.0   1.6728  -0.9187  -0.5773   0.0741   0.3040  -0.7236   0.1513   0.6882   1.0055    1.3124    1.3830    1.4759
a4  3.50  9400.  0.0  -0.5917   0.2735   0.1684  -0.0603  -0.1353   0.2169  -0.0887  -0.2766  -0.3857   -0.4929   -0.5161   -0.5502
a1  4.00  9400.  0.0   1.2470   0.4079   0.5527   0.7181   0.8210   0.5003   0.7317   0.8443   0.8981    0.8644    0.8322    0.7999
a2  4.00  9400.  0.0  -1.6330   0.8413   0.4722  -0.0926  -0.4114   0.6092  -0.1541  -0.6338  -0.9372   -1.1582   -1.2083   -1.3140
a3  4.00  9400.  0.0   1.8125  -0.5714  -0.3091   0.1876   0.6637  -0.4093   0.2523   0.6993   0.9703    1.1620    1.1998    1.3321
a4  4.00  9400.  0.0  -0.6500   0.1519   0.0672  -0.1013  -0.2695   0.0976  -0.1254  -0.2809  -0.3749   -0.4384   -0.4488   -0.4987
a1  4.50  9400.  0.0   1.2712   0.4128   0.5366   0.6815   0.8609   0.4957   0.6951   0.7934   0.8314    0.7771    0.7426    0.7076
a2  4.50  9400.  0.0  -1.7812   0.6979   0.3538  -0.1602  -0.6264   0.4728  -0.2184  -0.6567  -0.9091   -1.0398   -1.0666   -1.1444
a3  4.50  9400.  0.0   1.9661  -0.3382  -0.0877   0.3478   0.9155  -0.1775   0.4061   0.7965   0.9989    1.0735    1.0769    1.1639
a4  4.50  9400.  0.0  -0.7062   0.0437  -0.0376  -0.1812  -0.3677  -0.0091  -0.2023  -0.3323  -0.3959   -0.4100   -0.4056   -0.4347
a1  5.00  9400.  0.0   1.2444   0.4541   0.5535   0.6789   0.8926   0.5264   0.6902   0.7731   0.8014    0.7336    0.6978    0.6635
a2  5.00  9400.  0.0  -1.7470   0.4801   0.2270  -0.2015  -0.7795   0.3027  -0.2496  -0.6269  -0.8530   -0.9280   -0.9507   -1.0336
a3  5.00  9400.  0.0   1.9730  -0.0401   0.0903   0.4136   1.1155   0.0484   0.4590   0.7726   0.9451    0.9517    0.9497    1.0494
a4  5.00  9400.  0.0  -0.7211  -0.0800  -0.1085  -0.2084  -0.4508  -0.0985  -0.2243  -0.3241  -0.3765   -0.3635   -0.3569   -0.3928
a1  3.50  9600.  0.0   1.1932   0.2276   0.4238   0.6360   0.6747   0.3552   0.6535   0.8000   0.8838    0.9000    0.8846    0.8440
a2  3.50  9600.  0.0  -1.5957   1.2856   0.7618   0.0449  -0.0650   0.9526  -0.0293  -0.6081  -0.9744   -1.3112   -1.3962   -1.4665
a3  3.50  9600.  0.0   1.7581  -1.0439  -0.6283   0.0578   0.2705  -0.7926   0.1366   0.6956   1.0227    1.3369    1.4101    1.4939
a4  3.50  9600.  0.0  -0.6254   0.3145   0.1867  -0.0567  -0.1247   0.2416  -0.0856  -0.2820  -0.3935   -0.5032   -0.5269   -0.5572
a1  4.00  9600.  0.0   1.2415   0.4050   0.5522   0.7163   0.8103   0.4968   0.7298   0.8383   0.8897    0.8548    0.8235    0.7856
a2  4.00  9600.  0.0  -1.6456   0.8526   0.4635  -0.1197  -0.3807   0.6205  -0.1807  -0.6582  -0.9504   -1.1656   -1.2142   -1.2954
a3  4.00  9600.  0.0   1.8163  -0.5899  -0.3115   0.2190   0.6118  -0.4412   0.2829   0.7305   0.9848    1.1722    1.2082    1.3090
a4  4.00  9600.  0.0  -0.6501   0.1520   0.0676  -0.1150  -0.2503   0.1108  -0.1384  -0.2928  -0.3786   -0.4406   -0.4504   -0.4879
a1  4.50  9600.  0.0   1.2571   0.4130   0.5351   0.6726   0.8458   0.4930   0.6855   0.7752   0.8104    0.7575    0.7253    0.6898
a2  4.50  9600.  0.0  -1.7834   0.7399   0.3888  -0.1274  -0.5788   0.5184  -0.1845  -0.6135  -0.8619   -1.0051   -1.0388   -1.1147
a3  4.50  9600.  0.0   1.9759  -0.4235  -0.1640   0.2884   0.8470  -0.2703   0.3456   0.7353   0.9366    1.0339    1.0467    1.1337
a4  4.50  9600.  0.0  -0.7127   0.0803  -0.0031  -0.1546  -0.3416   0.0330  -0.1750  -0.3054  -0.3690   -0.3936   -0.3931   -0.4233
a1  5.00  9600.  0.0   1.2421   0.4589   0.5712   0.6759   0.8821   0.5368   0.6868   0.7563   0.7821    0.7172    0.6832    0.6495
a2  5.00  9600.  0.0  -1.7786   0.4302   0.1219  -0.2238  -0.7772   0.2281  -0.2704  -0.6023  -0.8212   -0.9140   -0.9413   -1.0208
a3  5.00  9600.  0.0   2.0045   0.0723   0.2485   0.4299   1.1303   0.1744   0.4740   0.7290   0.8992    0.9388    0.9437    1.0377
a4  5.00  9600.  0.0  -0.7330  -0.1513  -0.1839  -0.2062  -0.4671  -0.1648  -0.2223  -0.2979  -0.3532   -0.3576   -0.3543   -0.3880
a1  3.50  9800.  0.0   1.1579   0.2325   0.4439   0.6549   0.6596   0.3731   0.6707   0.8151   0.9004    0.9179    0.9011    0.8572
a2  3.50  9800.  0.0  -1.4991   1.3276   0.7383   0.0238   0.0058   0.9399  -0.0455  -0.6233  -0.9977   -1.3441   -1.4287   -1.4894
a3  3.50  9800.  0.0   1.6628  -1.1357  -0.6377   0.0498   0.1731  -0.8159   0.1240   0.6901   1.0308    1.3620    1.4377    1.5118
a4  3.50  9800.  0.0  -0.5926   0.3536   0.1959  -0.0483  -0.0870   0.2558  -0.0755  -0.2763  -0.3936   -0.5109   -0.5359   -0.5628
a1  4.00  9800.  0.0   1.2175   0.4075   0.5617   0.7222   0.7962   0.5055   0.7346   0.8378   0.8874    0.8517    0.8205    0.7777
a2  4.00  9800.  0.0  -1.5999   0.8768   0.4526  -0.1335  -0.3289   0.6180  -0.1918  -0.6623  -0.9502   -1.1650   -1.2143   -1.2780
a3  4.00  9800.  0.0   1.7701  -0.6385  -0.3241   0.2191   0.5405  -0.4654   0.2802   0.7263   0.9764    1.1674    1.2052    1.2859
a4  4.00  9800.  0.0  -0.6342   0.1669   0.0749  -0.1131  -0.2248   0.1224  -0.1354  -0.2894  -0.3730   -0.4370   -0.4476   -0.4777
a1  4.50  9800.  0.0   1.2357   0.4263   0.5488   0.6790   0.8360   0.5063   0.6908   0.7730   0.8058    0.7517    0.7202    0.6829
a2  4.50  9800.  0.0  -1.7450   0.7509   0.3903  -0.1216  -0.5322   0.5250  -0.1766  -0.5968  -0.8429   -0.9915   -1.0299   -1.1008
a3  4.50  9800.  0.0   1.9411  -0.4705  -0.2057   0.2527   0.7800  -0.3188   0.3086   0.6988   0.9016    1.0128    1.0333    1.1170
a4  4.50  9800.  0.0  -0.7022   0.0993   0.0189  -0.1357  -0.3169   0.0573  -0.1557  -0.2878  -0.3524   -0.3838   -0.3867   -0.4166
a1  5.00  9800.  0.0   1.2271   0.4571   0.5624   0.6715   0.8693   0.5307   0.6825   0.7529   0.7764    0.7103    0.6767    0.6418
a2  5.00  9800.  0.0  -1.7527   0.5999   0.2829  -0.1479  -0.6756   0.3881  -0.1988  -0.5783  -0.8031   -0.9064   -0.9363   -1.0105
a3  5.00  9800.  0.0   1.9716  -0.2740  -0.0506   0.2969   0.9511  -0.1344   0.3477   0.6897   0.8708    0.9288    0.9377    1.0257
a4  5.00  9800.  0.0  -0.7207   0.0196  -0.0475  -0.1544  -0.3847  -0.0194  -0.1728  -0.2868  -0.3436   -0.3536   -0.3515   -0.3830
